Comparison[0.0315]  EntRel[0.3004]  Expansion[0.5489]  NoRel[0.0028]  Temporal[0.0637]  Contingency[0.0528]  Expansion
Comparison[0.0728]  EntRel[0.4490]  Expansion[0.2219]  NoRel[0.0060]  Temporal[0.0437]  Contingency[0.2065]  EntRel
Comparison[0.1310]  EntRel[0.5162]  Expansion[0.2304]  NoRel[0.0097]  Temporal[0.0668]  Contingency[0.0458]  EntRel
Comparison[0.1424]  EntRel[0.2580]  Expansion[0.3240]  NoRel[0.0181]  Temporal[0.0231]  Contingency[0.2344]  Expansion
Comparison[0.0726]  EntRel[0.2578]  Expansion[0.5920]  NoRel[0.0049]  Temporal[0.0103]  Contingency[0.0623]  Expansion
Comparison[0.1199]  EntRel[0.3435]  Expansion[0.2790]  NoRel[0.0096]  Temporal[0.0847]  Contingency[0.1633]  EntRel
Comparison[0.1485]  EntRel[0.1878]  Expansion[0.3062]  NoRel[0.0428]  Temporal[0.1647]  Contingency[0.1500]  Expansion
Comparison[0.1325]  EntRel[0.2446]  Expansion[0.3292]  NoRel[0.0501]  Temporal[0.0632]  Contingency[0.1804]  Expansion
Comparison[0.0442]  EntRel[0.1485]  Expansion[0.7752]  NoRel[0.0017]  Temporal[0.0068]  Contingency[0.0235]  Expansion
Comparison[0.2234]  EntRel[0.3956]  Expansion[0.2944]  NoRel[0.0093]  Temporal[0.0510]  Contingency[0.0262]  EntRel
Comparison[0.1185]  EntRel[0.4469]  Expansion[0.2550]  NoRel[0.0050]  Temporal[0.0488]  Contingency[0.1258]  EntRel
Comparison[0.0607]  EntRel[0.7463]  Expansion[0.0635]  NoRel[0.0052]  Temporal[0.1014]  Contingency[0.0228]  EntRel
Comparison[0.1446]  EntRel[0.5060]  Expansion[0.2444]  NoRel[0.0021]  Temporal[0.0422]  Contingency[0.0607]  EntRel
Comparison[0.1185]  EntRel[0.3613]  Expansion[0.3089]  NoRel[0.0071]  Temporal[0.0469]  Contingency[0.1573]  EntRel
Comparison[0.1084]  EntRel[0.2562]  Expansion[0.3667]  NoRel[0.0226]  Temporal[0.1071]  Contingency[0.1389]  Expansion
Comparison[0.0695]  EntRel[0.3150]  Expansion[0.3957]  NoRel[0.0042]  Temporal[0.0048]  Contingency[0.2107]  Expansion
Comparison[0.0608]  EntRel[0.0877]  Expansion[0.5172]  NoRel[0.0092]  Temporal[0.0239]  Contingency[0.3011]  Expansion
Comparison[0.0781]  EntRel[0.2950]  Expansion[0.3548]  NoRel[0.0437]  Temporal[0.1085]  Contingency[0.1199]  Expansion
Comparison[0.0981]  EntRel[0.1959]  Expansion[0.3063]  NoRel[0.0088]  Temporal[0.0542]  Contingency[0.3368]  Contingency
Comparison[0.1392]  EntRel[0.2505]  Expansion[0.2548]  NoRel[0.0196]  Temporal[0.0622]  Contingency[0.2736]  Contingency
Comparison[0.1261]  EntRel[0.3481]  Expansion[0.1584]  NoRel[0.0415]  Temporal[0.1624]  Contingency[0.1635]  EntRel
Comparison[0.1202]  EntRel[0.2989]  Expansion[0.2912]  NoRel[0.0103]  Temporal[0.1471]  Contingency[0.1322]  EntRel
Comparison[0.0570]  EntRel[0.2835]  Expansion[0.5282]  NoRel[0.0114]  Temporal[0.0667]  Contingency[0.0533]  Expansion
Comparison[0.0686]  EntRel[0.5835]  Expansion[0.3112]  NoRel[0.0185]  Temporal[0.0118]  Contingency[0.0064]  EntRel
Comparison[0.1570]  EntRel[0.4493]  Expansion[0.1455]  NoRel[0.1315]  Temporal[0.0521]  Contingency[0.0646]  EntRel
Comparison[0.1320]  EntRel[0.1729]  Expansion[0.3188]  NoRel[0.0436]  Temporal[0.0955]  Contingency[0.2373]  Expansion
Comparison[0.0530]  EntRel[0.4102]  Expansion[0.3994]  NoRel[0.0110]  Temporal[0.0156]  Contingency[0.1109]  EntRel
Comparison[0.0933]  EntRel[0.2293]  Expansion[0.3725]  NoRel[0.0139]  Temporal[0.0201]  Contingency[0.2708]  Expansion
Comparison[0.2395]  EntRel[0.2402]  Expansion[0.3116]  NoRel[0.0585]  Temporal[0.0343]  Contingency[0.1159]  Expansion
Comparison[0.2061]  EntRel[0.2359]  Expansion[0.2802]  NoRel[0.0423]  Temporal[0.1115]  Contingency[0.1240]  Expansion
Comparison[0.1516]  EntRel[0.1277]  Expansion[0.3631]  NoRel[0.0068]  Temporal[0.0806]  Contingency[0.2702]  Expansion
Comparison[0.3357]  EntRel[0.1878]  Expansion[0.2563]  NoRel[0.0118]  Temporal[0.0497]  Contingency[0.1587]  Comparison
Comparison[0.0809]  EntRel[0.2925]  Expansion[0.2798]  NoRel[0.0051]  Temporal[0.0269]  Contingency[0.3148]  Contingency
Comparison[0.0812]  EntRel[0.1845]  Expansion[0.4370]  NoRel[0.0044]  Temporal[0.2251]  Contingency[0.0678]  Expansion
Comparison[0.1909]  EntRel[0.3002]  Expansion[0.3563]  NoRel[0.0030]  Temporal[0.0618]  Contingency[0.0878]  Expansion
Comparison[0.0831]  EntRel[0.0642]  Expansion[0.5814]  NoRel[0.0019]  Temporal[0.0832]  Contingency[0.1862]  Expansion
Comparison[0.1080]  EntRel[0.1151]  Expansion[0.2933]  NoRel[0.0016]  Temporal[0.0241]  Contingency[0.4578]  Contingency
Comparison[0.1055]  EntRel[0.1774]  Expansion[0.4247]  NoRel[0.0099]  Temporal[0.1129]  Contingency[0.1695]  Expansion
Comparison[0.1128]  EntRel[0.2523]  Expansion[0.3563]  NoRel[0.0151]  Temporal[0.1039]  Contingency[0.1597]  Expansion
Comparison[0.0795]  EntRel[0.1587]  Expansion[0.2189]  NoRel[0.0066]  Temporal[0.3465]  Contingency[0.1897]  Temporal
Comparison[0.1332]  EntRel[0.1596]  Expansion[0.1921]  NoRel[0.0982]  Temporal[0.2091]  Contingency[0.2078]  Temporal
Comparison[0.1458]  EntRel[0.2394]  Expansion[0.3100]  NoRel[0.0309]  Temporal[0.0722]  Contingency[0.2017]  Expansion
Comparison[0.2754]  EntRel[0.2281]  Expansion[0.2109]  NoRel[0.0107]  Temporal[0.0786]  Contingency[0.1962]  Comparison
Comparison[0.1286]  EntRel[0.2015]  Expansion[0.3212]  NoRel[0.0327]  Temporal[0.0970]  Contingency[0.2191]  Expansion
Comparison[0.1353]  EntRel[0.2054]  Expansion[0.2997]  NoRel[0.0266]  Temporal[0.0966]  Contingency[0.2364]  Expansion
Comparison[0.0650]  EntRel[0.1616]  Expansion[0.5844]  NoRel[0.0054]  Temporal[0.0123]  Contingency[0.1714]  Expansion
Comparison[0.1644]  EntRel[0.2646]  Expansion[0.2385]  NoRel[0.0337]  Temporal[0.1052]  Contingency[0.1935]  EntRel
Comparison[0.1167]  EntRel[0.3973]  Expansion[0.2339]  NoRel[0.0206]  Temporal[0.0861]  Contingency[0.1454]  EntRel
Comparison[0.2441]  EntRel[0.1529]  Expansion[0.2873]  NoRel[0.0641]  Temporal[0.0437]  Contingency[0.2079]  Expansion
Comparison[0.1538]  EntRel[0.2351]  Expansion[0.2534]  NoRel[0.0571]  Temporal[0.0482]  Contingency[0.2523]  Expansion
Comparison[0.0630]  EntRel[0.1680]  Expansion[0.5534]  NoRel[0.0455]  Temporal[0.0830]  Contingency[0.0871]  Expansion
Comparison[0.1145]  EntRel[0.5514]  Expansion[0.1710]  NoRel[0.0179]  Temporal[0.0332]  Contingency[0.1120]  EntRel
Comparison[0.1376]  EntRel[0.3720]  Expansion[0.2972]  NoRel[0.0268]  Temporal[0.0519]  Contingency[0.1144]  EntRel
Comparison[0.1689]  EntRel[0.2376]  Expansion[0.3482]  NoRel[0.0547]  Temporal[0.0597]  Contingency[0.1309]  Expansion
Comparison[0.0554]  EntRel[0.2514]  Expansion[0.5750]  NoRel[0.0109]  Temporal[0.0088]  Contingency[0.0985]  Expansion
