Comparison[0.0848]  EntRel[0.5586]  Expansion[0.2349]  NoRel[0.0607]  Temporal[0.0594]  Contingency[0.0017]  EntRel
Comparison[0.0383]  EntRel[0.2235]  Expansion[0.5316]  NoRel[0.0827]  Temporal[0.0558]  Contingency[0.0681]  Expansion
Comparison[0.0964]  EntRel[0.2293]  Expansion[0.3477]  NoRel[0.0276]  Temporal[0.0576]  Contingency[0.2413]  Expansion
Comparison[0.0856]  EntRel[0.2445]  Expansion[0.4221]  NoRel[0.0111]  Temporal[0.1246]  Contingency[0.1122]  Expansion
Comparison[0.1115]  EntRel[0.5760]  Expansion[0.1872]  NoRel[0.0146]  Temporal[0.0309]  Contingency[0.0798]  EntRel
Comparison[0.0451]  EntRel[0.3277]  Expansion[0.3678]  NoRel[0.0110]  Temporal[0.1521]  Contingency[0.0964]  Expansion
Comparison[0.0819]  EntRel[0.4980]  Expansion[0.1491]  NoRel[0.2272]  Temporal[0.0384]  Contingency[0.0053]  EntRel
Comparison[0.1908]  EntRel[0.2759]  Expansion[0.3167]  NoRel[0.0406]  Temporal[0.0140]  Contingency[0.1620]  Expansion
Comparison[0.1450]  EntRel[0.4246]  Expansion[0.1914]  NoRel[0.1089]  Temporal[0.0492]  Contingency[0.0808]  EntRel
Comparison[0.1714]  EntRel[0.4335]  Expansion[0.1733]  NoRel[0.0406]  Temporal[0.0540]  Contingency[0.1272]  EntRel
Comparison[0.0052]  EntRel[0.9802]  Expansion[0.0105]  NoRel[0.0010]  Temporal[0.0019]  Contingency[0.0012]  EntRel
Comparison[0.0735]  EntRel[0.5479]  Expansion[0.3139]  NoRel[0.0058]  Temporal[0.0126]  Contingency[0.0463]  EntRel
Comparison[0.1209]  EntRel[0.3299]  Expansion[0.3083]  NoRel[0.0160]  Temporal[0.0436]  Contingency[0.1814]  EntRel
Comparison[0.0679]  EntRel[0.2639]  Expansion[0.3665]  NoRel[0.0242]  Temporal[0.1038]  Contingency[0.1736]  Expansion
