Comparison[0.0797]  EntRel[0.2387]  Expansion[0.4054]  NoRel[0.0419]  Temporal[0.0930]  Contingency[0.1414]  Expansion
Comparison[0.1622]  EntRel[0.3064]  Expansion[0.2880]  NoRel[0.0389]  Temporal[0.0265]  Contingency[0.1779]  EntRel
Comparison[0.0419]  EntRel[0.6618]  Expansion[0.2244]  NoRel[0.0115]  Temporal[0.0398]  Contingency[0.0206]  EntRel
Comparison[0.0799]  EntRel[0.5090]  Expansion[0.1735]  NoRel[0.0403]  Temporal[0.1139]  Contingency[0.0835]  EntRel
Comparison[0.0746]  EntRel[0.1760]  Expansion[0.4565]  NoRel[0.0214]  Temporal[0.0545]  Contingency[0.2170]  Expansion
Comparison[0.1171]  EntRel[0.2675]  Expansion[0.3610]  NoRel[0.0222]  Temporal[0.0843]  Contingency[0.1479]  Expansion
Comparison[0.0906]  EntRel[0.2718]  Expansion[0.3404]  NoRel[0.0626]  Temporal[0.0437]  Contingency[0.1910]  Expansion
Comparison[0.2018]  EntRel[0.2615]  Expansion[0.3342]  NoRel[0.0094]  Temporal[0.0413]  Contingency[0.1518]  Expansion
Comparison[0.0631]  EntRel[0.4934]  Expansion[0.3346]  NoRel[0.0363]  Temporal[0.0510]  Contingency[0.0216]  EntRel
Comparison[0.1023]  EntRel[0.6226]  Expansion[0.1767]  NoRel[0.0707]  Temporal[0.0153]  Contingency[0.0124]  EntRel
Comparison[0.1597]  EntRel[0.1066]  Expansion[0.3407]  NoRel[0.0067]  Temporal[0.0735]  Contingency[0.3128]  Expansion
Comparison[0.1525]  EntRel[0.1760]  Expansion[0.4790]  NoRel[0.0130]  Temporal[0.0484]  Contingency[0.1311]  Expansion
Comparison[0.1912]  EntRel[0.2298]  Expansion[0.2886]  NoRel[0.0209]  Temporal[0.0676]  Contingency[0.2019]  Expansion
Comparison[0.0910]  EntRel[0.4813]  Expansion[0.2079]  NoRel[0.0105]  Temporal[0.0967]  Contingency[0.1127]  EntRel
Comparison[0.0771]  EntRel[0.4027]  Expansion[0.3019]  NoRel[0.0303]  Temporal[0.0498]  Contingency[0.1383]  EntRel
Comparison[0.1043]  EntRel[0.3440]  Expansion[0.3235]  NoRel[0.0295]  Temporal[0.0326]  Contingency[0.1661]  EntRel
Comparison[0.0793]  EntRel[0.4547]  Expansion[0.2342]  NoRel[0.0244]  Temporal[0.0355]  Contingency[0.1720]  EntRel
Comparison[0.1340]  EntRel[0.4318]  Expansion[0.1985]  NoRel[0.0056]  Temporal[0.0575]  Contingency[0.1726]  EntRel
Comparison[0.0805]  EntRel[0.4280]  Expansion[0.2091]  NoRel[0.0056]  Temporal[0.0509]  Contingency[0.2259]  EntRel
Comparison[0.0786]  EntRel[0.3341]  Expansion[0.2935]  NoRel[0.0136]  Temporal[0.0878]  Contingency[0.1923]  EntRel
Comparison[0.0597]  EntRel[0.2721]  Expansion[0.4209]  NoRel[0.0364]  Temporal[0.0806]  Contingency[0.1303]  Expansion
Comparison[0.1318]  EntRel[0.2531]  Expansion[0.2506]  NoRel[0.0530]  Temporal[0.1438]  Contingency[0.1677]  EntRel
Comparison[0.1192]  EntRel[0.2897]  Expansion[0.2848]  NoRel[0.0982]  Temporal[0.0692]  Contingency[0.1390]  EntRel
Comparison[0.1970]  EntRel[0.3380]  Expansion[0.2331]  NoRel[0.0282]  Temporal[0.0553]  Contingency[0.1484]  EntRel
Comparison[0.1958]  EntRel[0.2170]  Expansion[0.3302]  NoRel[0.0422]  Temporal[0.0428]  Contingency[0.1721]  Expansion
Comparison[0.1160]  EntRel[0.2168]  Expansion[0.3772]  NoRel[0.0158]  Temporal[0.0731]  Contingency[0.2012]  Expansion
Comparison[0.1234]  EntRel[0.2107]  Expansion[0.3146]  NoRel[0.0177]  Temporal[0.1458]  Contingency[0.1878]  Expansion
Comparison[0.0942]  EntRel[0.2480]  Expansion[0.2019]  NoRel[0.0351]  Temporal[0.1224]  Contingency[0.2983]  Contingency
Comparison[0.0851]  EntRel[0.3034]  Expansion[0.4677]  NoRel[0.0054]  Temporal[0.0579]  Contingency[0.0804]  Expansion
Comparison[0.1606]  EntRel[0.2185]  Expansion[0.3478]  NoRel[0.0069]  Temporal[0.1165]  Contingency[0.1497]  Expansion
Comparison[0.0839]  EntRel[0.1672]  Expansion[0.4191]  NoRel[0.0118]  Temporal[0.0837]  Contingency[0.2343]  Expansion
