Comparison[0.0952]  EntRel[0.2171]  Expansion[0.3877]  NoRel[0.0107]  Temporal[0.0518]  Contingency[0.2375]  Expansion
Comparison[0.0521]  EntRel[0.3574]  Expansion[0.5386]  NoRel[0.0202]  Temporal[0.0116]  Contingency[0.0201]  Expansion
Comparison[0.1006]  EntRel[0.4340]  Expansion[0.3264]  NoRel[0.0205]  Temporal[0.0502]  Contingency[0.0684]  EntRel
Comparison[0.2401]  EntRel[0.1856]  Expansion[0.3400]  NoRel[0.0427]  Temporal[0.0188]  Contingency[0.1729]  Expansion
Comparison[0.1386]  EntRel[0.5812]  Expansion[0.2149]  NoRel[0.0014]  Temporal[0.0115]  Contingency[0.0525]  EntRel
Comparison[0.0689]  EntRel[0.3954]  Expansion[0.3781]  NoRel[0.0024]  Temporal[0.0634]  Contingency[0.0918]  EntRel
Comparison[0.2150]  EntRel[0.4882]  Expansion[0.2335]  NoRel[0.0174]  Temporal[0.0275]  Contingency[0.0184]  EntRel
Comparison[0.0639]  EntRel[0.1831]  Expansion[0.4166]  NoRel[0.0223]  Temporal[0.1144]  Contingency[0.1998]  Expansion
Comparison[0.0521]  EntRel[0.5512]  Expansion[0.3815]  NoRel[0.0025]  Temporal[0.0028]  Contingency[0.0098]  EntRel
Comparison[0.0585]  EntRel[0.3056]  Expansion[0.5542]  NoRel[0.0073]  Temporal[0.0454]  Contingency[0.0290]  Expansion
Comparison[0.1921]  EntRel[0.2807]  Expansion[0.3023]  NoRel[0.0126]  Temporal[0.0365]  Contingency[0.1758]  Expansion
Comparison[0.0556]  EntRel[0.1181]  Expansion[0.6234]  NoRel[0.0210]  Temporal[0.0074]  Contingency[0.1745]  Expansion
Comparison[0.1060]  EntRel[0.2935]  Expansion[0.3951]  NoRel[0.0103]  Temporal[0.0198]  Contingency[0.1753]  Expansion
Comparison[0.1601]  EntRel[0.2779]  Expansion[0.3393]  NoRel[0.0058]  Temporal[0.0534]  Contingency[0.1635]  Expansion
Comparison[0.1677]  EntRel[0.2884]  Expansion[0.3203]  NoRel[0.0061]  Temporal[0.1465]  Contingency[0.0709]  Expansion
Comparison[0.2674]  EntRel[0.3717]  Expansion[0.2148]  NoRel[0.0804]  Temporal[0.0465]  Contingency[0.0192]  EntRel
Comparison[0.0943]  EntRel[0.1672]  Expansion[0.4153]  NoRel[0.0587]  Temporal[0.0622]  Contingency[0.2023]  Expansion
Comparison[0.1028]  EntRel[0.3012]  Expansion[0.3272]  NoRel[0.0011]  Temporal[0.0178]  Contingency[0.2499]  Expansion
Comparison[0.1776]  EntRel[0.3637]  Expansion[0.3877]  NoRel[0.0061]  Temporal[0.0085]  Contingency[0.0563]  Expansion
Comparison[0.2251]  EntRel[0.4868]  Expansion[0.1631]  NoRel[0.0206]  Temporal[0.0420]  Contingency[0.0623]  EntRel
Comparison[0.3529]  EntRel[0.1233]  Expansion[0.2731]  NoRel[0.0035]  Temporal[0.1931]  Contingency[0.0541]  Comparison
Comparison[0.3520]  EntRel[0.3839]  Expansion[0.1505]  NoRel[0.0459]  Temporal[0.0442]  Contingency[0.0236]  EntRel
Comparison[0.0902]  EntRel[0.2138]  Expansion[0.4454]  NoRel[0.0114]  Temporal[0.0060]  Contingency[0.2332]  Expansion
Comparison[0.1248]  EntRel[0.2466]  Expansion[0.3811]  NoRel[0.0176]  Temporal[0.0440]  Contingency[0.1858]  Expansion
Comparison[0.1284]  EntRel[0.3537]  Expansion[0.4624]  NoRel[0.0240]  Temporal[0.0049]  Contingency[0.0267]  Expansion
Comparison[0.0616]  EntRel[0.3867]  Expansion[0.4970]  NoRel[0.0065]  Temporal[0.0086]  Contingency[0.0397]  Expansion
Comparison[0.1434]  EntRel[0.2947]  Expansion[0.3689]  NoRel[0.0051]  Temporal[0.0289]  Contingency[0.1590]  Expansion
Comparison[0.0418]  EntRel[0.4564]  Expansion[0.3728]  NoRel[0.0023]  Temporal[0.0145]  Contingency[0.1122]  EntRel
Comparison[0.0488]  EntRel[0.6834]  Expansion[0.2412]  NoRel[0.0039]  Temporal[0.0038]  Contingency[0.0189]  EntRel
Comparison[0.1575]  EntRel[0.3634]  Expansion[0.3001]  NoRel[0.0008]  Temporal[0.0063]  Contingency[0.1720]  EntRel
Comparison[0.2283]  EntRel[0.0784]  Expansion[0.4091]  NoRel[0.0099]  Temporal[0.0776]  Contingency[0.1969]  Expansion
Comparison[0.0905]  EntRel[0.3394]  Expansion[0.5100]  NoRel[0.0021]  Temporal[0.0453]  Contingency[0.0128]  Expansion
Comparison[0.0656]  EntRel[0.7952]  Expansion[0.0992]  NoRel[0.0062]  Temporal[0.0216]  Contingency[0.0122]  EntRel
