Comparison[0.1640]  EntRel[0.2701]  Expansion[0.2789]  NoRel[0.0410]  Temporal[0.0646]  Contingency[0.1814]  Expansion
Comparison[0.0715]  EntRel[0.2580]  Expansion[0.5335]  NoRel[0.0022]  Temporal[0.0356]  Contingency[0.0993]  Expansion
Comparison[0.2632]  EntRel[0.2494]  Expansion[0.1908]  NoRel[0.0143]  Temporal[0.1210]  Contingency[0.1613]  Comparison
Comparison[0.0952]  EntRel[0.2305]  Expansion[0.3893]  NoRel[0.0050]  Temporal[0.0147]  Contingency[0.2654]  Expansion
Comparison[0.0650]  EntRel[0.1897]  Expansion[0.5737]  NoRel[0.0004]  Temporal[0.0027]  Contingency[0.1684]  Expansion
Comparison[0.0984]  EntRel[0.2224]  Expansion[0.2479]  NoRel[0.0039]  Temporal[0.0578]  Contingency[0.3696]  Contingency
Comparison[0.0753]  EntRel[0.1183]  Expansion[0.3318]  NoRel[0.0027]  Temporal[0.0874]  Contingency[0.3845]  Contingency
Comparison[0.0814]  EntRel[0.3341]  Expansion[0.3524]  NoRel[0.0037]  Temporal[0.0714]  Contingency[0.1570]  Expansion
Comparison[0.0716]  EntRel[0.1336]  Expansion[0.4938]  NoRel[0.0048]  Temporal[0.0522]  Contingency[0.2440]  Expansion
Comparison[0.0826]  EntRel[0.5519]  Expansion[0.1514]  NoRel[0.0684]  Temporal[0.0579]  Contingency[0.0878]  EntRel
Comparison[0.0720]  EntRel[0.3376]  Expansion[0.4127]  NoRel[0.0154]  Temporal[0.0484]  Contingency[0.1138]  Expansion
Comparison[0.0114]  EntRel[0.9128]  Expansion[0.0477]  NoRel[0.0067]  Temporal[0.0205]  Contingency[0.0008]  EntRel
Comparison[0.1281]  EntRel[0.2289]  Expansion[0.3971]  NoRel[0.0061]  Temporal[0.0632]  Contingency[0.1765]  Expansion
Comparison[0.1657]  EntRel[0.3755]  Expansion[0.2753]  NoRel[0.0200]  Temporal[0.0542]  Contingency[0.1092]  EntRel
