Comparison[0.0905]  EntRel[0.3022]  Expansion[0.2730]  NoRel[0.0123]  Temporal[0.1146]  Contingency[0.2075]  EntRel
Comparison[0.1014]  EntRel[0.1657]  Expansion[0.3927]  NoRel[0.0025]  Temporal[0.0069]  Contingency[0.3308]  Expansion
Comparison[0.1288]  EntRel[0.1769]  Expansion[0.4677]  NoRel[0.0230]  Temporal[0.0834]  Contingency[0.1202]  Expansion
Comparison[0.0677]  EntRel[0.2811]  Expansion[0.3590]  NoRel[0.0189]  Temporal[0.0185]  Contingency[0.2548]  Expansion
Comparison[0.0280]  EntRel[0.3214]  Expansion[0.4206]  NoRel[0.0132]  Temporal[0.1083]  Contingency[0.1085]  Expansion
Comparison[0.0195]  EntRel[0.5939]  Expansion[0.3422]  NoRel[0.0035]  Temporal[0.0313]  Contingency[0.0097]  EntRel
Comparison[0.0291]  EntRel[0.8740]  Expansion[0.0719]  NoRel[0.0067]  Temporal[0.0055]  Contingency[0.0128]  EntRel
Comparison[0.1115]  EntRel[0.5715]  Expansion[0.2395]  NoRel[0.0071]  Temporal[0.0513]  Contingency[0.0190]  EntRel
Comparison[0.0816]  EntRel[0.5745]  Expansion[0.1457]  NoRel[0.0525]  Temporal[0.0178]  Contingency[0.1280]  EntRel
Comparison[0.1272]  EntRel[0.3604]  Expansion[0.3574]  NoRel[0.0208]  Temporal[0.0148]  Contingency[0.1195]  EntRel
Comparison[0.0447]  EntRel[0.4447]  Expansion[0.4209]  NoRel[0.0032]  Temporal[0.0312]  Contingency[0.0554]  EntRel
Comparison[0.0916]  EntRel[0.3835]  Expansion[0.4043]  NoRel[0.0009]  Temporal[0.0051]  Contingency[0.1145]  Expansion
Comparison[0.0409]  EntRel[0.3622]  Expansion[0.4770]  NoRel[0.0051]  Temporal[0.0014]  Contingency[0.1133]  Expansion
