Comparison[0.1329]  EntRel[0.3292]  Expansion[0.2953]  NoRel[0.0596]  Temporal[0.1168]  Contingency[0.0661]  EntRel
Comparison[0.1836]  EntRel[0.0925]  Expansion[0.5538]  NoRel[0.0074]  Temporal[0.0873]  Contingency[0.0753]  Expansion
Comparison[0.1830]  EntRel[0.2118]  Expansion[0.1631]  NoRel[0.0763]  Temporal[0.0565]  Contingency[0.3093]  Contingency
Comparison[0.0886]  EntRel[0.1787]  Expansion[0.3641]  NoRel[0.0611]  Temporal[0.0464]  Contingency[0.2611]  Expansion
Comparison[0.1020]  EntRel[0.2380]  Expansion[0.4004]  NoRel[0.0134]  Temporal[0.0750]  Contingency[0.1711]  Expansion
Comparison[0.1062]  EntRel[0.1555]  Expansion[0.5954]  NoRel[0.0227]  Temporal[0.0284]  Contingency[0.0918]  Expansion
Comparison[0.1593]  EntRel[0.3560]  Expansion[0.4127]  NoRel[0.0022]  Temporal[0.0228]  Contingency[0.0470]  Expansion
Comparison[0.0869]  EntRel[0.5132]  Expansion[0.3468]  NoRel[0.0073]  Temporal[0.0374]  Contingency[0.0085]  EntRel
Comparison[0.1594]  EntRel[0.3901]  Expansion[0.2960]  NoRel[0.0315]  Temporal[0.0609]  Contingency[0.0620]  EntRel
Comparison[0.1404]  EntRel[0.1417]  Expansion[0.4167]  NoRel[0.0086]  Temporal[0.0611]  Contingency[0.2314]  Expansion
Comparison[0.1160]  EntRel[0.1581]  Expansion[0.4786]  NoRel[0.0148]  Temporal[0.0290]  Contingency[0.2034]  Expansion
Comparison[0.1901]  EntRel[0.1225]  Expansion[0.3945]  NoRel[0.0202]  Temporal[0.0471]  Contingency[0.2255]  Expansion
Comparison[0.0775]  EntRel[0.1445]  Expansion[0.4498]  NoRel[0.0040]  Temporal[0.1459]  Contingency[0.1784]  Expansion
Comparison[0.1517]  EntRel[0.1846]  Expansion[0.3517]  NoRel[0.0025]  Temporal[0.1050]  Contingency[0.2045]  Expansion
Comparison[0.1329]  EntRel[0.3787]  Expansion[0.3426]  NoRel[0.0090]  Temporal[0.0350]  Contingency[0.1019]  EntRel
Comparison[0.0828]  EntRel[0.4118]  Expansion[0.3247]  NoRel[0.0782]  Temporal[0.0567]  Contingency[0.0459]  EntRel
Comparison[0.0976]  EntRel[0.3673]  Expansion[0.4536]  NoRel[0.0211]  Temporal[0.0495]  Contingency[0.0108]  Expansion
Comparison[0.1678]  EntRel[0.2296]  Expansion[0.3354]  NoRel[0.0170]  Temporal[0.0265]  Contingency[0.2237]  Expansion
Comparison[0.1035]  EntRel[0.4151]  Expansion[0.2381]  NoRel[0.0241]  Temporal[0.0657]  Contingency[0.1535]  EntRel
Comparison[0.2230]  EntRel[0.1682]  Expansion[0.4398]  NoRel[0.0026]  Temporal[0.0481]  Contingency[0.1184]  Expansion
Comparison[0.1472]  EntRel[0.1640]  Expansion[0.6067]  NoRel[0.0021]  Temporal[0.0553]  Contingency[0.0246]  Expansion
Comparison[0.0878]  EntRel[0.1218]  Expansion[0.4275]  NoRel[0.0042]  Temporal[0.0328]  Contingency[0.3258]  Expansion
