Comparison[0.0862]  EntRel[0.4549]  Expansion[0.1539]  NoRel[0.0161]  Temporal[0.0643]  Contingency[0.2246]  EntRel
Comparison[0.1165]  EntRel[0.2781]  Expansion[0.3778]  NoRel[0.0110]  Temporal[0.0727]  Contingency[0.1440]  Expansion
Comparison[0.0549]  EntRel[0.6178]  Expansion[0.2406]  NoRel[0.0238]  Temporal[0.0226]  Contingency[0.0403]  EntRel
Comparison[0.1030]  EntRel[0.2339]  Expansion[0.3129]  NoRel[0.0131]  Temporal[0.0554]  Contingency[0.2818]  Expansion
Comparison[0.1460]  EntRel[0.6560]  Expansion[0.1377]  NoRel[0.0177]  Temporal[0.0100]  Contingency[0.0325]  EntRel
Comparison[0.1190]  EntRel[0.2041]  Expansion[0.2820]  NoRel[0.0221]  Temporal[0.0358]  Contingency[0.3371]  Contingency
Comparison[0.0840]  EntRel[0.2416]  Expansion[0.3364]  NoRel[0.0096]  Temporal[0.2382]  Contingency[0.0901]  Expansion
Comparison[0.0287]  EntRel[0.4902]  Expansion[0.3158]  NoRel[0.0084]  Temporal[0.0094]  Contingency[0.1474]  EntRel
Comparison[0.1134]  EntRel[0.2601]  Expansion[0.3876]  NoRel[0.0002]  Temporal[0.0228]  Contingency[0.2159]  Expansion
Comparison[0.1007]  EntRel[0.1134]  Expansion[0.4183]  NoRel[0.0011]  Temporal[0.0312]  Contingency[0.3353]  Expansion
Comparison[0.0637]  EntRel[0.3480]  Expansion[0.5275]  NoRel[0.0046]  Temporal[0.0311]  Contingency[0.0252]  Expansion
Comparison[0.1240]  EntRel[0.2040]  Expansion[0.2703]  NoRel[0.0152]  Temporal[0.0407]  Contingency[0.3458]  Contingency
Comparison[0.0244]  EntRel[0.8254]  Expansion[0.1265]  NoRel[0.0060]  Temporal[0.0034]  Contingency[0.0143]  EntRel
Comparison[0.1159]  EntRel[0.1863]  Expansion[0.2644]  NoRel[0.0323]  Temporal[0.0350]  Contingency[0.3660]  Contingency
