Expansion[0.0124]  Contingency[0.0031]  Comparison[0.9766]  Temporal[0.0079]  Comparison
Expansion[0.0035]  Contingency[0.9872]  Comparison[0.0027]  Temporal[0.0067]  Contingency
Expansion[0.0041]  Contingency[0.0227]  Comparison[0.8552]  Temporal[0.1181]  Comparison
Expansion[0.0003]  Contingency[0.9583]  Comparison[0.0021]  Temporal[0.0393]  Contingency
Expansion[0.0064]  Contingency[0.0402]  Comparison[0.9263]  Temporal[0.0270]  Comparison
Expansion[0.9904]  Contingency[0.0023]  Comparison[0.0072]  Temporal[0.0001]  Expansion
Expansion[0.0060]  Contingency[0.9507]  Comparison[0.0178]  Temporal[0.0254]  Contingency
Expansion[0.1760]  Contingency[0.0167]  Comparison[0.6248]  Temporal[0.1826]  Comparison
Expansion[0.4190]  Contingency[0.0136]  Comparison[0.1005]  Temporal[0.4668]  Temporal
Expansion[0.0083]  Contingency[0.4322]  Comparison[0.0130]  Temporal[0.5466]  Temporal
Expansion[0.9820]  Contingency[0.0043]  Comparison[0.0133]  Temporal[0.0004]  Expansion
Expansion[0.0258]  Contingency[0.0012]  Comparison[0.9718]  Temporal[0.0012]  Comparison
