Comparison[0.0115]  EntRel[0.7550]  Expansion[0.1374]  NoRel[0.0768]  Temporal[0.0082]  Contingency[0.0111]  EntRel
Comparison[0.1441]  EntRel[0.3809]  Expansion[0.2230]  NoRel[0.0213]  Temporal[0.1487]  Contingency[0.0821]  EntRel
Comparison[0.1263]  EntRel[0.2641]  Expansion[0.3012]  NoRel[0.0088]  Temporal[0.0752]  Contingency[0.2244]  Expansion
Comparison[0.0633]  EntRel[0.2374]  Expansion[0.2792]  NoRel[0.1341]  Temporal[0.0812]  Contingency[0.2048]  Expansion
Comparison[0.1055]  EntRel[0.3711]  Expansion[0.2085]  NoRel[0.0135]  Temporal[0.0596]  Contingency[0.2418]  EntRel
Comparison[0.0901]  EntRel[0.3047]  Expansion[0.3826]  NoRel[0.0179]  Temporal[0.0547]  Contingency[0.1500]  Expansion
Comparison[0.2555]  EntRel[0.2369]  Expansion[0.1996]  NoRel[0.0549]  Temporal[0.1135]  Contingency[0.1396]  Comparison
Comparison[0.1295]  EntRel[0.2360]  Expansion[0.2812]  NoRel[0.0276]  Temporal[0.0346]  Contingency[0.2911]  Contingency
Comparison[0.0272]  EntRel[0.5506]  Expansion[0.3106]  NoRel[0.0157]  Temporal[0.0675]  Contingency[0.0284]  EntRel
Comparison[0.1430]  EntRel[0.5059]  Expansion[0.3359]  NoRel[0.0017]  Temporal[0.0070]  Contingency[0.0064]  EntRel
Comparison[0.0867]  EntRel[0.7623]  Expansion[0.0740]  NoRel[0.0597]  Temporal[0.0080]  Contingency[0.0094]  EntRel
Comparison[0.1483]  EntRel[0.4244]  Expansion[0.2735]  NoRel[0.0064]  Temporal[0.0499]  Contingency[0.0974]  EntRel
Comparison[0.0945]  EntRel[0.2780]  Expansion[0.3254]  NoRel[0.0324]  Temporal[0.1115]  Contingency[0.1582]  Expansion
Comparison[0.0725]  EntRel[0.4936]  Expansion[0.2571]  NoRel[0.0061]  Temporal[0.0155]  Contingency[0.1552]  EntRel
Comparison[0.0255]  EntRel[0.7961]  Expansion[0.1023]  NoRel[0.0374]  Temporal[0.0190]  Contingency[0.0197]  EntRel
Comparison[0.0475]  EntRel[0.4827]  Expansion[0.0663]  NoRel[0.3843]  Temporal[0.0149]  Contingency[0.0043]  EntRel
