Comparison[0.1117]  EntRel[0.5056]  Expansion[0.3011]  NoRel[0.0085]  Temporal[0.0463]  Contingency[0.0268]  EntRel
Comparison[0.0739]  EntRel[0.2087]  Expansion[0.4011]  NoRel[0.0028]  Temporal[0.0238]  Contingency[0.2896]  Expansion
Comparison[0.0853]  EntRel[0.2414]  Expansion[0.2585]  NoRel[0.0426]  Temporal[0.0777]  Contingency[0.2945]  Contingency
Comparison[0.0508]  EntRel[0.1691]  Expansion[0.7445]  NoRel[0.0118]  Temporal[0.0073]  Contingency[0.0164]  Expansion
Comparison[0.0762]  EntRel[0.6298]  Expansion[0.2358]  NoRel[0.0107]  Temporal[0.0159]  Contingency[0.0317]  EntRel
Comparison[0.0852]  EntRel[0.2445]  Expansion[0.3523]  NoRel[0.0045]  Temporal[0.0778]  Contingency[0.2357]  Expansion
Comparison[0.0620]  EntRel[0.2385]  Expansion[0.3756]  NoRel[0.0024]  Temporal[0.1180]  Contingency[0.2035]  Expansion
Comparison[0.0599]  EntRel[0.3381]  Expansion[0.3670]  NoRel[0.0128]  Temporal[0.0276]  Contingency[0.1946]  Expansion
Comparison[0.0994]  EntRel[0.2252]  Expansion[0.3995]  NoRel[0.0133]  Temporal[0.0215]  Contingency[0.2411]  Expansion
Comparison[0.0277]  EntRel[0.2389]  Expansion[0.6853]  NoRel[0.0033]  Temporal[0.0220]  Contingency[0.0228]  Expansion
Comparison[0.1042]  EntRel[0.1241]  Expansion[0.4595]  NoRel[0.0137]  Temporal[0.0095]  Contingency[0.2890]  Expansion
Comparison[0.0702]  EntRel[0.0934]  Expansion[0.3998]  NoRel[0.0017]  Temporal[0.0216]  Contingency[0.4133]  Contingency
Comparison[0.0705]  EntRel[0.2179]  Expansion[0.4451]  NoRel[0.0177]  Temporal[0.0176]  Contingency[0.2312]  Expansion
Comparison[0.1735]  EntRel[0.1933]  Expansion[0.2601]  NoRel[0.0438]  Temporal[0.0611]  Contingency[0.2682]  Contingency
Comparison[0.0840]  EntRel[0.4089]  Expansion[0.2992]  NoRel[0.0204]  Temporal[0.0165]  Contingency[0.1709]  EntRel
Comparison[0.1554]  EntRel[0.2428]  Expansion[0.3285]  NoRel[0.0015]  Temporal[0.0307]  Contingency[0.2411]  Expansion
Comparison[0.1566]  EntRel[0.1398]  Expansion[0.4835]  NoRel[0.0042]  Temporal[0.0367]  Contingency[0.1792]  Expansion
Comparison[0.1059]  EntRel[0.3681]  Expansion[0.2768]  NoRel[0.0322]  Temporal[0.0733]  Contingency[0.1437]  EntRel
Comparison[0.1258]  EntRel[0.2854]  Expansion[0.2122]  NoRel[0.1479]  Temporal[0.0758]  Contingency[0.1528]  EntRel
Comparison[0.1727]  EntRel[0.1249]  Expansion[0.2925]  NoRel[0.0030]  Temporal[0.1786]  Contingency[0.2283]  Expansion
Comparison[0.1063]  EntRel[0.1489]  Expansion[0.3729]  NoRel[0.0034]  Temporal[0.0551]  Contingency[0.3134]  Expansion
Comparison[0.2083]  EntRel[0.2821]  Expansion[0.2375]  NoRel[0.0205]  Temporal[0.0555]  Contingency[0.1960]  EntRel
Comparison[0.0390]  EntRel[0.4707]  Expansion[0.3834]  NoRel[0.0710]  Temporal[0.0175]  Contingency[0.0184]  EntRel
Comparison[0.2048]  EntRel[0.2628]  Expansion[0.2804]  NoRel[0.0353]  Temporal[0.0577]  Contingency[0.1591]  Expansion
Comparison[0.0889]  EntRel[0.5240]  Expansion[0.2732]  NoRel[0.0139]  Temporal[0.0344]  Contingency[0.0656]  EntRel
Comparison[0.1354]  EntRel[0.3466]  Expansion[0.3607]  NoRel[0.0114]  Temporal[0.0239]  Contingency[0.1219]  Expansion
Comparison[0.0159]  EntRel[0.1611]  Expansion[0.8013]  NoRel[0.0044]  Temporal[0.0036]  Contingency[0.0137]  Expansion
Comparison[0.0773]  EntRel[0.2128]  Expansion[0.4113]  NoRel[0.0354]  Temporal[0.0685]  Contingency[0.1948]  Expansion
Comparison[0.0951]  EntRel[0.3624]  Expansion[0.2852]  NoRel[0.0138]  Temporal[0.0674]  Contingency[0.1761]  EntRel
Comparison[0.1252]  EntRel[0.2145]  Expansion[0.2810]  NoRel[0.0077]  Temporal[0.1140]  Contingency[0.2577]  Expansion
Comparison[0.0646]  EntRel[0.2098]  Expansion[0.4511]  NoRel[0.0007]  Temporal[0.0173]  Contingency[0.2565]  Expansion
Comparison[0.0441]  EntRel[0.3266]  Expansion[0.5969]  NoRel[0.0011]  Temporal[0.0031]  Contingency[0.0282]  Expansion
Comparison[0.0235]  EntRel[0.8223]  Expansion[0.0758]  NoRel[0.0331]  Temporal[0.0402]  Contingency[0.0052]  EntRel
Comparison[0.1010]  EntRel[0.2411]  Expansion[0.3968]  NoRel[0.0441]  Temporal[0.1010]  Contingency[0.1160]  Expansion
Comparison[0.1201]  EntRel[0.4749]  Expansion[0.2573]  NoRel[0.0248]  Temporal[0.0178]  Contingency[0.1053]  EntRel
Comparison[0.1490]  EntRel[0.1958]  Expansion[0.3399]  NoRel[0.0223]  Temporal[0.1259]  Contingency[0.1671]  Expansion
Comparison[0.1504]  EntRel[0.1524]  Expansion[0.3427]  NoRel[0.0135]  Temporal[0.0992]  Contingency[0.2417]  Expansion
Comparison[0.0230]  EntRel[0.2261]  Expansion[0.7044]  NoRel[0.0154]  Temporal[0.0163]  Contingency[0.0147]  Expansion
Comparison[0.0395]  EntRel[0.6639]  Expansion[0.1542]  NoRel[0.0521]  Temporal[0.0685]  Contingency[0.0217]  EntRel
