Comparison[0.0573]  EntRel[0.5431]  Expansion[0.2984]  NoRel[0.0111]  Temporal[0.0424]  Contingency[0.0476]  EntRel
Comparison[0.0233]  EntRel[0.7037]  Expansion[0.2599]  NoRel[0.0042]  Temporal[0.0050]  Contingency[0.0038]  EntRel
Comparison[0.1609]  EntRel[0.5988]  Expansion[0.1468]  NoRel[0.0478]  Temporal[0.0076]  Contingency[0.0380]  EntRel
Comparison[0.1286]  EntRel[0.2601]  Expansion[0.2819]  NoRel[0.0595]  Temporal[0.0521]  Contingency[0.2177]  Expansion
Comparison[0.1208]  EntRel[0.1746]  Expansion[0.4113]  NoRel[0.0120]  Temporal[0.1060]  Contingency[0.1752]  Expansion
Comparison[0.3187]  EntRel[0.2376]  Expansion[0.4137]  NoRel[0.0104]  Temporal[0.0096]  Contingency[0.0101]  Expansion
Comparison[0.2191]  EntRel[0.1127]  Expansion[0.4042]  NoRel[0.0229]  Temporal[0.0371]  Contingency[0.2040]  Expansion
Comparison[0.1327]  EntRel[0.1724]  Expansion[0.4672]  NoRel[0.0116]  Temporal[0.1262]  Contingency[0.0899]  Expansion
Comparison[0.0222]  EntRel[0.3946]  Expansion[0.5394]  NoRel[0.0106]  Temporal[0.0180]  Contingency[0.0152]  Expansion
Comparison[0.0549]  EntRel[0.5051]  Expansion[0.3710]  NoRel[0.0070]  Temporal[0.0192]  Contingency[0.0430]  EntRel
Comparison[0.0615]  EntRel[0.7461]  Expansion[0.1370]  NoRel[0.0053]  Temporal[0.0012]  Contingency[0.0489]  EntRel
Comparison[0.0781]  EntRel[0.2086]  Expansion[0.5880]  NoRel[0.0376]  Temporal[0.0483]  Contingency[0.0394]  Expansion
Comparison[0.1099]  EntRel[0.5390]  Expansion[0.2697]  NoRel[0.0346]  Temporal[0.0317]  Contingency[0.0150]  EntRel
Comparison[0.0838]  EntRel[0.5160]  Expansion[0.2703]  NoRel[0.0355]  Temporal[0.0389]  Contingency[0.0555]  EntRel
Comparison[0.1070]  EntRel[0.0522]  Expansion[0.7364]  NoRel[0.0065]  Temporal[0.0309]  Contingency[0.0669]  Expansion
Comparison[0.4818]  EntRel[0.1109]  Expansion[0.3147]  NoRel[0.0066]  Temporal[0.0695]  Contingency[0.0165]  Comparison
Comparison[0.0479]  EntRel[0.1890]  Expansion[0.7054]  NoRel[0.0113]  Temporal[0.0299]  Contingency[0.0165]  Expansion
Comparison[0.3308]  EntRel[0.1479]  Expansion[0.4367]  NoRel[0.0144]  Temporal[0.0487]  Contingency[0.0214]  Expansion
Comparison[0.2710]  EntRel[0.1213]  Expansion[0.4830]  NoRel[0.0098]  Temporal[0.0912]  Contingency[0.0237]  Expansion
Comparison[0.0300]  EntRel[0.4904]  Expansion[0.3997]  NoRel[0.0035]  Temporal[0.0109]  Contingency[0.0654]  EntRel
