Comparison[0.0747]  EntRel[0.2787]  Expansion[0.4045]  NoRel[0.0202]  Temporal[0.0580]  Contingency[0.1639]  Expansion
Comparison[0.1145]  EntRel[0.2996]  Expansion[0.3001]  NoRel[0.0458]  Temporal[0.0663]  Contingency[0.1737]  Expansion
Comparison[0.0299]  EntRel[0.2444]  Expansion[0.5937]  NoRel[0.0417]  Temporal[0.0077]  Contingency[0.0826]  Expansion
Comparison[0.2226]  EntRel[0.3399]  Expansion[0.2824]  NoRel[0.0276]  Temporal[0.0742]  Contingency[0.0532]  EntRel
Comparison[0.0279]  EntRel[0.4805]  Expansion[0.3089]  NoRel[0.1074]  Temporal[0.0606]  Contingency[0.0149]  EntRel
Comparison[0.0667]  EntRel[0.6888]  Expansion[0.1650]  NoRel[0.0254]  Temporal[0.0461]  Contingency[0.0080]  EntRel
Comparison[0.2091]  EntRel[0.1446]  Expansion[0.5226]  NoRel[0.0007]  Temporal[0.1058]  Contingency[0.0171]  Expansion
Comparison[0.1012]  EntRel[0.0939]  Expansion[0.4534]  NoRel[0.0001]  Temporal[0.3468]  Contingency[0.0047]  Expansion
Comparison[0.2911]  EntRel[0.0094]  Expansion[0.3902]  NoRel[0.0026]  Temporal[0.3053]  Contingency[0.0013]  Expansion
Comparison[0.1520]  EntRel[0.1577]  Expansion[0.4958]  NoRel[0.0041]  Temporal[0.1817]  Contingency[0.0088]  Expansion
Comparison[0.1802]  EntRel[0.1022]  Expansion[0.5877]  NoRel[0.0489]  Temporal[0.0484]  Contingency[0.0325]  Expansion
Comparison[0.9224]  EntRel[0.0134]  Expansion[0.0441]  NoRel[0.0026]  Temporal[0.0143]  Contingency[0.0033]  Comparison
Comparison[0.0838]  EntRel[0.2031]  Expansion[0.6482]  NoRel[0.0044]  Temporal[0.0376]  Contingency[0.0229]  Expansion
Comparison[0.0827]  EntRel[0.3513]  Expansion[0.3183]  NoRel[0.0227]  Temporal[0.0596]  Contingency[0.1654]  EntRel
Comparison[0.1396]  EntRel[0.2304]  Expansion[0.4858]  NoRel[0.0138]  Temporal[0.0884]  Contingency[0.0420]  Expansion
Comparison[0.1383]  EntRel[0.2611]  Expansion[0.2900]  NoRel[0.1146]  Temporal[0.0810]  Contingency[0.1149]  Expansion
Comparison[0.4774]  EntRel[0.1134]  Expansion[0.2249]  NoRel[0.0146]  Temporal[0.0787]  Contingency[0.0910]  Comparison
Comparison[0.0171]  EntRel[0.9140]  Expansion[0.0472]  NoRel[0.0088]  Temporal[0.0120]  Contingency[0.0010]  EntRel
Comparison[0.0249]  EntRel[0.5370]  Expansion[0.0503]  NoRel[0.3686]  Temporal[0.0120]  Contingency[0.0072]  EntRel
Comparison[0.0963]  EntRel[0.2362]  Expansion[0.6176]  NoRel[0.0005]  Temporal[0.0074]  Contingency[0.0420]  Expansion
Comparison[0.1663]  EntRel[0.1382]  Expansion[0.3391]  NoRel[0.0089]  Temporal[0.0165]  Contingency[0.3310]  Expansion
Comparison[0.0489]  EntRel[0.5665]  Expansion[0.2430]  NoRel[0.0268]  Temporal[0.0849]  Contingency[0.0298]  EntRel
Comparison[0.0659]  EntRel[0.5844]  Expansion[0.1994]  NoRel[0.0293]  Temporal[0.0819]  Contingency[0.0390]  EntRel
Comparison[0.0440]  EntRel[0.6467]  Expansion[0.2631]  NoRel[0.0296]  Temporal[0.0065]  Contingency[0.0100]  EntRel
Comparison[0.0255]  EntRel[0.7734]  Expansion[0.1361]  NoRel[0.0522]  Temporal[0.0020]  Contingency[0.0108]  EntRel
Comparison[0.1226]  EntRel[0.2844]  Expansion[0.2917]  NoRel[0.0198]  Temporal[0.1129]  Contingency[0.1687]  Expansion
Comparison[0.0788]  EntRel[0.2592]  Expansion[0.4287]  NoRel[0.0491]  Temporal[0.0344]  Contingency[0.1498]  Expansion
Comparison[0.0322]  EntRel[0.4702]  Expansion[0.4285]  NoRel[0.0283]  Temporal[0.0337]  Contingency[0.0072]  EntRel
