Comparison[0.0661]  EntRel[0.4140]  Expansion[0.2443]  NoRel[0.0184]  Temporal[0.0890]  Contingency[0.1683]  EntRel
Comparison[0.0585]  EntRel[0.1493]  Expansion[0.5889]  NoRel[0.0151]  Temporal[0.0352]  Contingency[0.1530]  Expansion
Comparison[0.1423]  EntRel[0.3744]  Expansion[0.3232]  NoRel[0.0198]  Temporal[0.0734]  Contingency[0.0670]  EntRel
Comparison[0.0981]  EntRel[0.2545]  Expansion[0.3734]  NoRel[0.1012]  Temporal[0.0218]  Contingency[0.1509]  Expansion
Comparison[0.0863]  EntRel[0.1334]  Expansion[0.4913]  NoRel[0.0237]  Temporal[0.0453]  Contingency[0.2200]  Expansion
Comparison[0.1103]  EntRel[0.2525]  Expansion[0.3416]  NoRel[0.0195]  Temporal[0.0346]  Contingency[0.2415]  Expansion
Comparison[0.1001]  EntRel[0.5155]  Expansion[0.3625]  NoRel[0.0028]  Temporal[0.0029]  Contingency[0.0162]  EntRel
Comparison[0.0354]  EntRel[0.7042]  Expansion[0.2084]  NoRel[0.0300]  Temporal[0.0052]  Contingency[0.0167]  EntRel
Comparison[0.0915]  EntRel[0.4592]  Expansion[0.1925]  NoRel[0.0203]  Temporal[0.0746]  Contingency[0.1619]  EntRel
Comparison[0.1191]  EntRel[0.1664]  Expansion[0.4585]  NoRel[0.0025]  Temporal[0.1048]  Contingency[0.1487]  Expansion
Comparison[0.1205]  EntRel[0.3066]  Expansion[0.3311]  NoRel[0.0120]  Temporal[0.0295]  Contingency[0.2003]  Expansion
Comparison[0.1137]  EntRel[0.1861]  Expansion[0.5360]  NoRel[0.0265]  Temporal[0.0148]  Contingency[0.1228]  Expansion
Comparison[0.0682]  EntRel[0.2373]  Expansion[0.4355]  NoRel[0.0070]  Temporal[0.0374]  Contingency[0.2146]  Expansion
Comparison[0.0898]  EntRel[0.2287]  Expansion[0.2806]  NoRel[0.0006]  Temporal[0.0196]  Contingency[0.3808]  Contingency
Comparison[0.0400]  EntRel[0.4327]  Expansion[0.4845]  NoRel[0.0058]  Temporal[0.0105]  Contingency[0.0266]  Expansion
Comparison[0.0923]  EntRel[0.4994]  Expansion[0.3390]  NoRel[0.0045]  Temporal[0.0453]  Contingency[0.0196]  EntRel
Comparison[0.1314]  EntRel[0.1781]  Expansion[0.3232]  NoRel[0.0068]  Temporal[0.0562]  Contingency[0.3043]  Expansion
Comparison[0.1370]  EntRel[0.2019]  Expansion[0.3001]  NoRel[0.0583]  Temporal[0.0880]  Contingency[0.2148]  Expansion
Comparison[0.3990]  EntRel[0.2770]  Expansion[0.1498]  NoRel[0.0145]  Temporal[0.0662]  Contingency[0.0935]  Comparison
Comparison[0.1193]  EntRel[0.1583]  Expansion[0.2124]  NoRel[0.0553]  Temporal[0.2257]  Contingency[0.2290]  Contingency
Comparison[0.1255]  EntRel[0.2190]  Expansion[0.2361]  NoRel[0.0482]  Temporal[0.0913]  Contingency[0.2799]  Contingency
Comparison[0.1620]  EntRel[0.3627]  Expansion[0.2627]  NoRel[0.0178]  Temporal[0.0539]  Contingency[0.1409]  EntRel
Comparison[0.1497]  EntRel[0.2683]  Expansion[0.2800]  NoRel[0.0115]  Temporal[0.0909]  Contingency[0.1996]  Expansion
Comparison[0.1910]  EntRel[0.2548]  Expansion[0.2113]  NoRel[0.0248]  Temporal[0.0635]  Contingency[0.2546]  EntRel
Comparison[0.1265]  EntRel[0.1337]  Expansion[0.2905]  NoRel[0.0088]  Temporal[0.0389]  Contingency[0.4016]  Contingency
Comparison[0.0615]  EntRel[0.4142]  Expansion[0.3224]  NoRel[0.0532]  Temporal[0.0349]  Contingency[0.1136]  EntRel
Comparison[0.0206]  EntRel[0.4138]  Expansion[0.4248]  NoRel[0.0024]  Temporal[0.0225]  Contingency[0.1160]  Expansion
Comparison[0.0472]  EntRel[0.4457]  Expansion[0.3491]  NoRel[0.0134]  Temporal[0.0172]  Contingency[0.1272]  EntRel
Comparison[0.0813]  EntRel[0.3116]  Expansion[0.3424]  NoRel[0.0838]  Temporal[0.1099]  Contingency[0.0711]  Expansion
Comparison[0.2018]  EntRel[0.2159]  Expansion[0.3856]  NoRel[0.0034]  Temporal[0.1080]  Contingency[0.0853]  Expansion
Comparison[0.1764]  EntRel[0.2012]  Expansion[0.4643]  NoRel[0.0135]  Temporal[0.0273]  Contingency[0.1173]  Expansion
Comparison[0.0538]  EntRel[0.1573]  Expansion[0.7372]  NoRel[0.0020]  Temporal[0.0079]  Contingency[0.0419]  Expansion
Comparison[0.0805]  EntRel[0.3815]  Expansion[0.4545]  NoRel[0.0131]  Temporal[0.0313]  Contingency[0.0392]  Expansion
Comparison[0.1380]  EntRel[0.0693]  Expansion[0.4294]  NoRel[0.0015]  Temporal[0.0175]  Contingency[0.3443]  Expansion
Comparison[0.0759]  EntRel[0.2388]  Expansion[0.4315]  NoRel[0.0063]  Temporal[0.0265]  Contingency[0.2209]  Expansion
Comparison[0.1335]  EntRel[0.1547]  Expansion[0.4633]  NoRel[0.0046]  Temporal[0.0421]  Contingency[0.2018]  Expansion
Comparison[0.0782]  EntRel[0.5122]  Expansion[0.2791]  NoRel[0.0062]  Temporal[0.0372]  Contingency[0.0871]  EntRel
Comparison[0.0865]  EntRel[0.2400]  Expansion[0.3404]  NoRel[0.0356]  Temporal[0.0835]  Contingency[0.2140]  Expansion
Comparison[0.1506]  EntRel[0.1593]  Expansion[0.4019]  NoRel[0.0781]  Temporal[0.0869]  Contingency[0.1232]  Expansion
