Expansion[0.0300]  Contingency[0.9519]  Comparison[0.0099]  Temporal[0.0082]  Contingency
Expansion[0.9945]  Contingency[0.0005]  Comparison[0.0040]  Temporal[0.0010]  Expansion
Expansion[0.0219]  Contingency[0.0024]  Comparison[0.9754]  Temporal[0.0004]  Comparison
Expansion[0.9723]  Contingency[0.0167]  Comparison[0.0018]  Temporal[0.0092]  Expansion
Expansion[0.0003]  Contingency[0.0073]  Comparison[0.9875]  Temporal[0.0049]  Comparison
Expansion[0.9872]  Contingency[0.0019]  Comparison[0.0059]  Temporal[0.0049]  Expansion
Expansion[0.0100]  Contingency[0.0011]  Comparison[0.9861]  Temporal[0.0028]  Comparison
Expansion[0.9069]  Contingency[0.0765]  Comparison[0.0079]  Temporal[0.0087]  Expansion
Expansion[0.0321]  Contingency[0.0006]  Comparison[0.9655]  Temporal[0.0017]  Comparison
Expansion[0.9723]  Contingency[0.0167]  Comparison[0.0018]  Temporal[0.0092]  Expansion
Expansion[0.0103]  Contingency[0.0312]  Comparison[0.0305]  Temporal[0.9279]  Temporal
Expansion[0.0124]  Contingency[0.0031]  Comparison[0.9766]  Temporal[0.0079]  Comparison
Expansion[0.0002]  Contingency[0.2168]  Comparison[0.0213]  Temporal[0.7617]  Temporal
Expansion[0.0321]  Contingency[0.0006]  Comparison[0.9655]  Temporal[0.0017]  Comparison
Expansion[0.0060]  Contingency[0.9507]  Comparison[0.0178]  Temporal[0.0254]  Contingency
Expansion[0.1760]  Contingency[0.0167]  Comparison[0.6248]  Temporal[0.1826]  Comparison
Expansion[0.9069]  Contingency[0.0765]  Comparison[0.0079]  Temporal[0.0087]  Expansion
Expansion[0.0067]  Contingency[0.0149]  Comparison[0.9683]  Temporal[0.0100]  Comparison
Expansion[0.9069]  Contingency[0.0765]  Comparison[0.0079]  Temporal[0.0087]  Expansion
Expansion[0.0041]  Contingency[0.0227]  Comparison[0.8552]  Temporal[0.1181]  Comparison
Expansion[0.9069]  Contingency[0.0765]  Comparison[0.0079]  Temporal[0.0087]  Expansion
