Comparison[0.0079]  EntRel[0.8302]  Expansion[0.1301]  NoRel[0.0017]  Temporal[0.0294]  Contingency[0.0007]  EntRel
Comparison[0.2148]  EntRel[0.2324]  Expansion[0.3792]  NoRel[0.0174]  Temporal[0.0607]  Contingency[0.0955]  Expansion
Comparison[0.1937]  EntRel[0.6872]  Expansion[0.0802]  NoRel[0.0016]  Temporal[0.0255]  Contingency[0.0117]  EntRel
Comparison[0.0379]  EntRel[0.8901]  Expansion[0.0551]  NoRel[0.0005]  Temporal[0.0161]  Contingency[0.0003]  EntRel
Comparison[0.0276]  EntRel[0.6188]  Expansion[0.1186]  NoRel[0.1934]  Temporal[0.0273]  Contingency[0.0143]  EntRel
Comparison[0.1129]  EntRel[0.3179]  Expansion[0.2691]  NoRel[0.0087]  Temporal[0.0275]  Contingency[0.2639]  EntRel
Comparison[0.1036]  EntRel[0.3489]  Expansion[0.3417]  NoRel[0.0290]  Temporal[0.0191]  Contingency[0.1577]  EntRel
Comparison[0.1439]  EntRel[0.2042]  Expansion[0.4366]  NoRel[0.0253]  Temporal[0.0319]  Contingency[0.1581]  Expansion
Comparison[0.1090]  EntRel[0.3225]  Expansion[0.4201]  NoRel[0.0270]  Temporal[0.0566]  Contingency[0.0648]  Expansion
Comparison[0.0143]  EntRel[0.5766]  Expansion[0.3137]  NoRel[0.0143]  Temporal[0.0656]  Contingency[0.0155]  EntRel
Comparison[0.1084]  EntRel[0.4434]  Expansion[0.3336]  NoRel[0.0075]  Temporal[0.0452]  Contingency[0.0618]  EntRel
Comparison[0.0333]  EntRel[0.2937]  Expansion[0.6091]  NoRel[0.0024]  Temporal[0.0297]  Contingency[0.0317]  Expansion
Comparison[0.0346]  EntRel[0.9226]  Expansion[0.0242]  NoRel[0.0173]  Temporal[0.0006]  Contingency[0.0007]  EntRel
Comparison[0.0116]  EntRel[0.8450]  Expansion[0.0680]  NoRel[0.0646]  Temporal[0.0094]  Contingency[0.0014]  EntRel
Comparison[0.1459]  EntRel[0.3685]  Expansion[0.3601]  NoRel[0.0058]  Temporal[0.0246]  Contingency[0.0951]  EntRel
Comparison[0.1594]  EntRel[0.1726]  Expansion[0.4110]  NoRel[0.0041]  Temporal[0.0080]  Contingency[0.2449]  Expansion
Comparison[0.0705]  EntRel[0.3642]  Expansion[0.5128]  NoRel[0.0112]  Temporal[0.0209]  Contingency[0.0204]  Expansion
