Comparison[0.0906]  EntRel[0.3105]  Expansion[0.4013]  NoRel[0.0127]  Temporal[0.0366]  Contingency[0.1482]  Expansion
Comparison[0.1593]  EntRel[0.1203]  Expansion[0.4377]  NoRel[0.0100]  Temporal[0.0061]  Contingency[0.2666]  Expansion
Comparison[0.1578]  EntRel[0.1405]  Expansion[0.2991]  NoRel[0.0038]  Temporal[0.0243]  Contingency[0.3745]  Contingency
Comparison[0.2862]  EntRel[0.3093]  Expansion[0.1804]  NoRel[0.0111]  Temporal[0.0514]  Contingency[0.1616]  EntRel
Comparison[0.0827]  EntRel[0.5581]  Expansion[0.1404]  NoRel[0.0148]  Temporal[0.0648]  Contingency[0.1392]  EntRel
Comparison[0.2053]  EntRel[0.1789]  Expansion[0.2978]  NoRel[0.0148]  Temporal[0.0307]  Contingency[0.2725]  Expansion
Comparison[0.0580]  EntRel[0.5568]  Expansion[0.2568]  NoRel[0.0485]  Temporal[0.0724]  Contingency[0.0074]  EntRel
Comparison[0.1113]  EntRel[0.2230]  Expansion[0.2779]  NoRel[0.0063]  Temporal[0.2107]  Contingency[0.1708]  Expansion
Comparison[0.1634]  EntRel[0.3254]  Expansion[0.3398]  NoRel[0.0041]  Temporal[0.0503]  Contingency[0.1171]  Expansion
Comparison[0.0653]  EntRel[0.2928]  Expansion[0.4411]  NoRel[0.0240]  Temporal[0.0854]  Contingency[0.0914]  Expansion
Comparison[0.0579]  EntRel[0.6591]  Expansion[0.1189]  NoRel[0.1198]  Temporal[0.0388]  Contingency[0.0055]  EntRel
Comparison[0.0783]  EntRel[0.2081]  Expansion[0.3790]  NoRel[0.0517]  Temporal[0.0502]  Contingency[0.2328]  Expansion
Comparison[0.0959]  EntRel[0.2722]  Expansion[0.4459]  NoRel[0.0123]  Temporal[0.0677]  Contingency[0.1060]  Expansion
Comparison[0.1653]  EntRel[0.4239]  Expansion[0.2145]  NoRel[0.0278]  Temporal[0.0451]  Contingency[0.1234]  EntRel
Comparison[0.0317]  EntRel[0.6196]  Expansion[0.1990]  NoRel[0.0761]  Temporal[0.0509]  Contingency[0.0228]  EntRel
Comparison[0.0203]  EntRel[0.4984]  Expansion[0.2587]  NoRel[0.1161]  Temporal[0.0742]  Contingency[0.0324]  EntRel
Comparison[0.0391]  EntRel[0.6937]  Expansion[0.1259]  NoRel[0.0615]  Temporal[0.0393]  Contingency[0.0405]  EntRel
Comparison[0.1192]  EntRel[0.2638]  Expansion[0.3457]  NoRel[0.0091]  Temporal[0.1072]  Contingency[0.1550]  Expansion
Comparison[0.0462]  EntRel[0.4290]  Expansion[0.3732]  NoRel[0.1042]  Temporal[0.0338]  Contingency[0.0136]  EntRel
Comparison[0.1506]  EntRel[0.2292]  Expansion[0.2792]  NoRel[0.0399]  Temporal[0.0780]  Contingency[0.2231]  Expansion
Comparison[0.1830]  EntRel[0.3252]  Expansion[0.1841]  NoRel[0.0685]  Temporal[0.1229]  Contingency[0.1163]  EntRel
