Comparison[0.0706]  EntRel[0.5111]  Expansion[0.3376]  NoRel[0.0023]  Temporal[0.0666]  Contingency[0.0118]  EntRel
Comparison[0.0940]  EntRel[0.2088]  Expansion[0.5090]  NoRel[0.0089]  Temporal[0.0384]  Contingency[0.1410]  Expansion
Comparison[0.1281]  EntRel[0.1076]  Expansion[0.4039]  NoRel[0.0113]  Temporal[0.0332]  Contingency[0.3158]  Expansion
Comparison[0.1300]  EntRel[0.1104]  Expansion[0.4627]  NoRel[0.0044]  Temporal[0.0233]  Contingency[0.2692]  Expansion
Comparison[0.0243]  EntRel[0.1073]  Expansion[0.8162]  NoRel[0.0052]  Temporal[0.0342]  Contingency[0.0128]  Expansion
Comparison[0.0507]  EntRel[0.7787]  Expansion[0.1201]  NoRel[0.0288]  Temporal[0.0215]  Contingency[0.0002]  EntRel
Comparison[0.0614]  EntRel[0.6188]  Expansion[0.2070]  NoRel[0.0200]  Temporal[0.0447]  Contingency[0.0481]  EntRel
Comparison[0.0943]  EntRel[0.2178]  Expansion[0.3718]  NoRel[0.0168]  Temporal[0.0503]  Contingency[0.2491]  Expansion
Comparison[0.0418]  EntRel[0.2058]  Expansion[0.6444]  NoRel[0.0249]  Temporal[0.0417]  Contingency[0.0414]  Expansion
Comparison[0.0449]  EntRel[0.6308]  Expansion[0.2277]  NoRel[0.0097]  Temporal[0.0750]  Contingency[0.0120]  EntRel
Comparison[0.0355]  EntRel[0.7125]  Expansion[0.2179]  NoRel[0.0113]  Temporal[0.0076]  Contingency[0.0151]  EntRel
Comparison[0.1782]  EntRel[0.3277]  Expansion[0.4211]  NoRel[0.0276]  Temporal[0.0054]  Contingency[0.0400]  Expansion
Comparison[0.0663]  EntRel[0.5016]  Expansion[0.2971]  NoRel[0.0032]  Temporal[0.0551]  Contingency[0.0767]  EntRel
Comparison[0.1103]  EntRel[0.4458]  Expansion[0.3393]  NoRel[0.0099]  Temporal[0.0125]  Contingency[0.0821]  EntRel
Comparison[0.1139]  EntRel[0.3507]  Expansion[0.3826]  NoRel[0.0266]  Temporal[0.0099]  Contingency[0.1162]  Expansion
Comparison[0.0875]  EntRel[0.1218]  Expansion[0.3830]  NoRel[0.0049]  Temporal[0.0178]  Contingency[0.3851]  Contingency
Comparison[0.1987]  EntRel[0.0692]  Expansion[0.3278]  NoRel[0.0191]  Temporal[0.1363]  Contingency[0.2489]  Expansion
Comparison[0.0857]  EntRel[0.2980]  Expansion[0.5201]  NoRel[0.0214]  Temporal[0.0309]  Contingency[0.0439]  Expansion
Comparison[0.1119]  EntRel[0.4251]  Expansion[0.3286]  NoRel[0.0252]  Temporal[0.0955]  Contingency[0.0137]  EntRel
Comparison[0.2010]  EntRel[0.2119]  Expansion[0.3035]  NoRel[0.0088]  Temporal[0.0646]  Contingency[0.2103]  Expansion
Comparison[0.0992]  EntRel[0.3614]  Expansion[0.2086]  NoRel[0.0572]  Temporal[0.1179]  Contingency[0.1557]  EntRel
Comparison[0.1120]  EntRel[0.1908]  Expansion[0.3503]  NoRel[0.0063]  Temporal[0.0796]  Contingency[0.2610]  Expansion
Comparison[0.1821]  EntRel[0.1107]  Expansion[0.2773]  NoRel[0.0074]  Temporal[0.0982]  Contingency[0.3243]  Contingency
Comparison[0.2661]  EntRel[0.1565]  Expansion[0.2247]  NoRel[0.0522]  Temporal[0.0838]  Contingency[0.2166]  Comparison
Comparison[0.1219]  EntRel[0.0990]  Expansion[0.2742]  NoRel[0.0608]  Temporal[0.0452]  Contingency[0.3989]  Contingency
Comparison[0.0185]  EntRel[0.2817]  Expansion[0.5420]  NoRel[0.0935]  Temporal[0.0524]  Contingency[0.0119]  Expansion
Comparison[0.0184]  EntRel[0.6947]  Expansion[0.1200]  NoRel[0.1558]  Temporal[0.0102]  Contingency[0.0010]  EntRel
Comparison[0.0555]  EntRel[0.6873]  Expansion[0.1387]  NoRel[0.0861]  Temporal[0.0114]  Contingency[0.0210]  EntRel
Comparison[0.0449]  EntRel[0.5953]  Expansion[0.2148]  NoRel[0.1104]  Temporal[0.0135]  Contingency[0.0212]  EntRel
Comparison[0.0553]  EntRel[0.1343]  Expansion[0.7256]  NoRel[0.0094]  Temporal[0.0124]  Contingency[0.0631]  Expansion
Comparison[0.0324]  EntRel[0.8094]  Expansion[0.1436]  NoRel[0.0096]  Temporal[0.0024]  Contingency[0.0026]  EntRel
Comparison[0.1193]  EntRel[0.2545]  Expansion[0.2625]  NoRel[0.0440]  Temporal[0.1236]  Contingency[0.1961]  Expansion
Comparison[0.0847]  EntRel[0.2506]  Expansion[0.3016]  NoRel[0.0863]  Temporal[0.1687]  Contingency[0.1081]  Expansion
Comparison[0.2033]  EntRel[0.2510]  Expansion[0.2867]  NoRel[0.0272]  Temporal[0.1015]  Contingency[0.1303]  Expansion
Comparison[0.1495]  EntRel[0.1629]  Expansion[0.2245]  NoRel[0.0880]  Temporal[0.1652]  Contingency[0.2098]  Expansion
Comparison[0.1426]  EntRel[0.1970]  Expansion[0.2538]  NoRel[0.0403]  Temporal[0.0338]  Contingency[0.3325]  Contingency
Comparison[0.1611]  EntRel[0.1198]  Expansion[0.3763]  NoRel[0.0076]  Temporal[0.1906]  Contingency[0.1447]  Expansion
