Comparison[0.0166]  EntRel[0.6929]  Expansion[0.2006]  NoRel[0.0245]  Temporal[0.0097]  Contingency[0.0557]  EntRel
Comparison[0.1216]  EntRel[0.7282]  Expansion[0.1039]  NoRel[0.0068]  Temporal[0.0129]  Contingency[0.0267]  EntRel
Comparison[0.1076]  EntRel[0.6121]  Expansion[0.1762]  NoRel[0.0380]  Temporal[0.0245]  Contingency[0.0416]  EntRel
Comparison[0.2119]  EntRel[0.1087]  Expansion[0.2745]  NoRel[0.0200]  Temporal[0.0824]  Contingency[0.3025]  Contingency
Comparison[0.0686]  EntRel[0.4487]  Expansion[0.2359]  NoRel[0.0703]  Temporal[0.0551]  Contingency[0.1215]  EntRel
Comparison[0.0792]  EntRel[0.5841]  Expansion[0.1994]  NoRel[0.0162]  Temporal[0.0147]  Contingency[0.1065]  EntRel
Comparison[0.0343]  EntRel[0.6106]  Expansion[0.2951]  NoRel[0.0180]  Temporal[0.0241]  Contingency[0.0178]  EntRel
Comparison[0.0087]  EntRel[0.9311]  Expansion[0.0432]  NoRel[0.0076]  Temporal[0.0062]  Contingency[0.0031]  EntRel
Comparison[0.1024]  EntRel[0.6462]  Expansion[0.1824]  NoRel[0.0047]  Temporal[0.0067]  Contingency[0.0576]  EntRel
Comparison[0.0707]  EntRel[0.5727]  Expansion[0.2310]  NoRel[0.0388]  Temporal[0.0347]  Contingency[0.0521]  EntRel
Comparison[0.1402]  EntRel[0.4472]  Expansion[0.2893]  NoRel[0.0160]  Temporal[0.0196]  Contingency[0.0877]  EntRel
Comparison[0.0089]  EntRel[0.7374]  Expansion[0.2435]  NoRel[0.0026]  Temporal[0.0043]  Contingency[0.0032]  EntRel
Comparison[0.1054]  EntRel[0.7366]  Expansion[0.1192]  NoRel[0.0159]  Temporal[0.0053]  Contingency[0.0175]  EntRel
Comparison[0.0405]  EntRel[0.2593]  Expansion[0.4733]  NoRel[0.0428]  Temporal[0.0457]  Contingency[0.1385]  Expansion
Comparison[0.0279]  EntRel[0.7165]  Expansion[0.1480]  NoRel[0.0023]  Temporal[0.0686]  Contingency[0.0367]  EntRel
Comparison[0.0953]  EntRel[0.3493]  Expansion[0.3106]  NoRel[0.0016]  Temporal[0.1574]  Contingency[0.0858]  EntRel
Comparison[0.0223]  EntRel[0.6457]  Expansion[0.1167]  NoRel[0.0134]  Temporal[0.1574]  Contingency[0.0445]  EntRel
Comparison[0.0468]  EntRel[0.8279]  Expansion[0.0295]  NoRel[0.0229]  Temporal[0.0646]  Contingency[0.0084]  EntRel
Comparison[0.0538]  EntRel[0.7879]  Expansion[0.0606]  NoRel[0.0538]  Temporal[0.0400]  Contingency[0.0039]  EntRel
Comparison[0.2192]  EntRel[0.3830]  Expansion[0.2017]  NoRel[0.0315]  Temporal[0.0159]  Contingency[0.1486]  EntRel
Comparison[0.0962]  EntRel[0.5063]  Expansion[0.1932]  NoRel[0.0284]  Temporal[0.0955]  Contingency[0.0804]  EntRel
Comparison[0.1284]  EntRel[0.7083]  Expansion[0.1468]  NoRel[0.0024]  Temporal[0.0089]  Contingency[0.0051]  EntRel
Comparison[0.1603]  EntRel[0.4909]  Expansion[0.2215]  NoRel[0.0216]  Temporal[0.0191]  Contingency[0.0866]  EntRel
