Comparison[0.0699]  EntRel[0.1708]  Expansion[0.2984]  NoRel[0.0104]  Temporal[0.2109]  Contingency[0.2396]  Expansion
Comparison[0.0946]  EntRel[0.3814]  Expansion[0.4854]  NoRel[0.0102]  Temporal[0.0174]  Contingency[0.0110]  Expansion
Comparison[0.0896]  EntRel[0.0936]  Expansion[0.3945]  NoRel[0.0085]  Temporal[0.0680]  Contingency[0.3458]  Expansion
Comparison[0.0762]  EntRel[0.1552]  Expansion[0.7289]  NoRel[0.0024]  Temporal[0.0074]  Contingency[0.0298]  Expansion
Comparison[0.0385]  EntRel[0.6159]  Expansion[0.2004]  NoRel[0.0958]  Temporal[0.0420]  Contingency[0.0074]  EntRel
Comparison[0.0522]  EntRel[0.5906]  Expansion[0.2857]  NoRel[0.0295]  Temporal[0.0183]  Contingency[0.0238]  EntRel
Comparison[0.1667]  EntRel[0.2718]  Expansion[0.2548]  NoRel[0.0150]  Temporal[0.0423]  Contingency[0.2494]  EntRel
Comparison[0.1747]  EntRel[0.2598]  Expansion[0.4684]  NoRel[0.0242]  Temporal[0.0191]  Contingency[0.0537]  Expansion
Comparison[0.1743]  EntRel[0.4100]  Expansion[0.3033]  NoRel[0.0174]  Temporal[0.0068]  Contingency[0.0882]  EntRel
Comparison[0.0769]  EntRel[0.2664]  Expansion[0.2926]  NoRel[0.1009]  Temporal[0.0495]  Contingency[0.2137]  Expansion
Comparison[0.1519]  EntRel[0.2966]  Expansion[0.3272]  NoRel[0.0276]  Temporal[0.1183]  Contingency[0.0785]  Expansion
Comparison[0.1740]  EntRel[0.2114]  Expansion[0.2984]  NoRel[0.0495]  Temporal[0.0417]  Contingency[0.2249]  Expansion
Comparison[0.1315]  EntRel[0.0588]  Expansion[0.3165]  NoRel[0.0042]  Temporal[0.0315]  Contingency[0.4574]  Contingency
Comparison[0.1181]  EntRel[0.1759]  Expansion[0.3568]  NoRel[0.0171]  Temporal[0.0822]  Contingency[0.2498]  Expansion
Comparison[0.1169]  EntRel[0.3106]  Expansion[0.3392]  NoRel[0.0312]  Temporal[0.0339]  Contingency[0.1682]  Expansion
Comparison[0.0385]  EntRel[0.3380]  Expansion[0.3872]  NoRel[0.0105]  Temporal[0.0061]  Contingency[0.2196]  Expansion
Comparison[0.1349]  EntRel[0.2579]  Expansion[0.4406]  NoRel[0.0246]  Temporal[0.0281]  Contingency[0.1139]  Expansion
Comparison[0.0908]  EntRel[0.2651]  Expansion[0.3341]  NoRel[0.0254]  Temporal[0.0784]  Contingency[0.2061]  Expansion
Comparison[0.1195]  EntRel[0.2920]  Expansion[0.3927]  NoRel[0.0192]  Temporal[0.0851]  Contingency[0.0915]  Expansion
Comparison[0.0608]  EntRel[0.4420]  Expansion[0.3185]  NoRel[0.0198]  Temporal[0.0336]  Contingency[0.1254]  EntRel
Comparison[0.0804]  EntRel[0.3147]  Expansion[0.4998]  NoRel[0.0009]  Temporal[0.0620]  Contingency[0.0421]  Expansion
Comparison[0.0452]  EntRel[0.6139]  Expansion[0.2501]  NoRel[0.0056]  Temporal[0.0747]  Contingency[0.0104]  EntRel
Comparison[0.0822]  EntRel[0.4845]  Expansion[0.2171]  NoRel[0.0171]  Temporal[0.0781]  Contingency[0.1209]  EntRel
Comparison[0.0353]  EntRel[0.3082]  Expansion[0.4224]  NoRel[0.0129]  Temporal[0.1412]  Contingency[0.0800]  Expansion
Comparison[0.1543]  EntRel[0.1726]  Expansion[0.2596]  NoRel[0.1466]  Temporal[0.1417]  Contingency[0.1251]  Expansion
Comparison[0.0842]  EntRel[0.2493]  Expansion[0.4371]  NoRel[0.1011]  Temporal[0.0582]  Contingency[0.0702]  Expansion
Comparison[0.1571]  EntRel[0.2968]  Expansion[0.3476]  NoRel[0.0075]  Temporal[0.1687]  Contingency[0.0223]  Expansion
Comparison[0.1435]  EntRel[0.1504]  Expansion[0.2991]  NoRel[0.0035]  Temporal[0.0109]  Contingency[0.3927]  Contingency
Comparison[0.2811]  EntRel[0.1506]  Expansion[0.3057]  NoRel[0.0064]  Temporal[0.1323]  Contingency[0.1239]  Expansion
Comparison[0.0539]  EntRel[0.3086]  Expansion[0.3496]  NoRel[0.0134]  Temporal[0.0630]  Contingency[0.2115]  Expansion
Comparison[0.0395]  EntRel[0.5749]  Expansion[0.2128]  NoRel[0.0137]  Temporal[0.0999]  Contingency[0.0592]  EntRel
Comparison[0.0359]  EntRel[0.4215]  Expansion[0.3804]  NoRel[0.0058]  Temporal[0.1002]  Contingency[0.0562]  EntRel
Comparison[0.0431]  EntRel[0.4791]  Expansion[0.3469]  NoRel[0.0106]  Temporal[0.0308]  Contingency[0.0894]  EntRel
Comparison[0.0895]  EntRel[0.4646]  Expansion[0.2537]  NoRel[0.0018]  Temporal[0.0120]  Contingency[0.1784]  EntRel
Comparison[0.1183]  EntRel[0.1832]  Expansion[0.3916]  NoRel[0.0097]  Temporal[0.0417]  Contingency[0.2555]  Expansion
Comparison[0.0935]  EntRel[0.2706]  Expansion[0.4262]  NoRel[0.0251]  Temporal[0.0397]  Contingency[0.1448]  Expansion
Comparison[0.0752]  EntRel[0.3078]  Expansion[0.3996]  NoRel[0.0195]  Temporal[0.0481]  Contingency[0.1497]  Expansion
Comparison[0.1207]  EntRel[0.2338]  Expansion[0.3620]  NoRel[0.0375]  Temporal[0.1121]  Contingency[0.1338]  Expansion
Comparison[0.0998]  EntRel[0.1396]  Expansion[0.4854]  NoRel[0.0384]  Temporal[0.0978]  Contingency[0.1389]  Expansion
Comparison[0.1173]  EntRel[0.3755]  Expansion[0.3015]  NoRel[0.0094]  Temporal[0.0645]  Contingency[0.1317]  EntRel
Comparison[0.1500]  EntRel[0.1693]  Expansion[0.3259]  NoRel[0.0579]  Temporal[0.1109]  Contingency[0.1860]  Expansion
Comparison[0.1525]  EntRel[0.1951]  Expansion[0.3533]  NoRel[0.0253]  Temporal[0.1036]  Contingency[0.1702]  Expansion
Comparison[0.1351]  EntRel[0.1956]  Expansion[0.3252]  NoRel[0.0049]  Temporal[0.0807]  Contingency[0.2586]  Expansion
Comparison[0.1150]  EntRel[0.1653]  Expansion[0.3289]  NoRel[0.0062]  Temporal[0.1027]  Contingency[0.2819]  Expansion
Comparison[0.0759]  EntRel[0.2514]  Expansion[0.3904]  NoRel[0.0533]  Temporal[0.0613]  Contingency[0.1676]  Expansion
Comparison[0.1478]  EntRel[0.2207]  Expansion[0.3297]  NoRel[0.0233]  Temporal[0.1074]  Contingency[0.1710]  Expansion
Comparison[0.0652]  EntRel[0.2525]  Expansion[0.3725]  NoRel[0.0216]  Temporal[0.0953]  Contingency[0.1927]  Expansion
Comparison[0.2112]  EntRel[0.2616]  Expansion[0.2769]  NoRel[0.0309]  Temporal[0.1219]  Contingency[0.0975]  Expansion
Comparison[0.0705]  EntRel[0.3735]  Expansion[0.3715]  NoRel[0.0236]  Temporal[0.0551]  Contingency[0.1057]  EntRel
Comparison[0.2972]  EntRel[0.2262]  Expansion[0.2997]  NoRel[0.0079]  Temporal[0.1232]  Contingency[0.0458]  Expansion
Comparison[0.3149]  EntRel[0.1422]  Expansion[0.3748]  NoRel[0.0060]  Temporal[0.0831]  Contingency[0.0792]  Expansion
Comparison[0.2308]  EntRel[0.2352]  Expansion[0.3730]  NoRel[0.0046]  Temporal[0.0906]  Contingency[0.0659]  Expansion
Comparison[0.1141]  EntRel[0.3516]  Expansion[0.2681]  NoRel[0.0865]  Temporal[0.1032]  Contingency[0.0764]  EntRel
