Comparison[0.0896]  EntRel[0.1729]  Expansion[0.3139]  NoRel[0.0691]  Temporal[0.2232]  Contingency[0.1314]  Expansion
Comparison[0.0459]  EntRel[0.5140]  Expansion[0.2850]  NoRel[0.0008]  Temporal[0.0198]  Contingency[0.1345]  EntRel
Comparison[0.0907]  EntRel[0.6304]  Expansion[0.1372]  NoRel[0.0112]  Temporal[0.1148]  Contingency[0.0157]  EntRel
Comparison[0.2345]  EntRel[0.2319]  Expansion[0.4162]  NoRel[0.0034]  Temporal[0.0851]  Contingency[0.0290]  Expansion
Comparison[0.1761]  EntRel[0.4423]  Expansion[0.1228]  NoRel[0.0890]  Temporal[0.1335]  Contingency[0.0363]  EntRel
Comparison[0.1032]  EntRel[0.2534]  Expansion[0.2857]  NoRel[0.0500]  Temporal[0.1325]  Contingency[0.1752]  Expansion
Comparison[0.0718]  EntRel[0.6060]  Expansion[0.2030]  NoRel[0.0271]  Temporal[0.0720]  Contingency[0.0200]  EntRel
Comparison[0.0893]  EntRel[0.3668]  Expansion[0.0993]  NoRel[0.0373]  Temporal[0.3639]  Contingency[0.0434]  EntRel
Comparison[0.1959]  EntRel[0.3256]  Expansion[0.2793]  NoRel[0.0032]  Temporal[0.0824]  Contingency[0.1136]  EntRel
Comparison[0.1098]  EntRel[0.3739]  Expansion[0.2569]  NoRel[0.0052]  Temporal[0.0081]  Contingency[0.2461]  EntRel
Comparison[0.1227]  EntRel[0.1878]  Expansion[0.4045]  NoRel[0.0105]  Temporal[0.0162]  Contingency[0.2582]  Expansion
Comparison[0.0914]  EntRel[0.2667]  Expansion[0.4113]  NoRel[0.0029]  Temporal[0.0232]  Contingency[0.2045]  Expansion
Comparison[0.0621]  EntRel[0.2101]  Expansion[0.5083]  NoRel[0.0064]  Temporal[0.0584]  Contingency[0.1546]  Expansion
Comparison[0.1063]  EntRel[0.1992]  Expansion[0.2568]  NoRel[0.0953]  Temporal[0.0849]  Contingency[0.2575]  Contingency
Comparison[0.2215]  EntRel[0.1025]  Expansion[0.2022]  NoRel[0.0195]  Temporal[0.0154]  Contingency[0.4389]  Contingency
Comparison[0.0415]  EntRel[0.0907]  Expansion[0.3561]  NoRel[0.0009]  Temporal[0.0102]  Contingency[0.5005]  Contingency
Comparison[0.1016]  EntRel[0.1508]  Expansion[0.3161]  NoRel[0.0101]  Temporal[0.0860]  Contingency[0.3354]  Contingency
Comparison[0.1413]  EntRel[0.1511]  Expansion[0.3452]  NoRel[0.0192]  Temporal[0.0301]  Contingency[0.3131]  Expansion
Comparison[0.1178]  EntRel[0.1796]  Expansion[0.4250]  NoRel[0.0027]  Temporal[0.0202]  Contingency[0.2547]  Expansion
Comparison[0.1835]  EntRel[0.1076]  Expansion[0.3539]  NoRel[0.0029]  Temporal[0.0101]  Contingency[0.3419]  Expansion
Comparison[0.0537]  EntRel[0.2036]  Expansion[0.4523]  NoRel[0.0181]  Temporal[0.0299]  Contingency[0.2423]  Expansion
Comparison[0.0954]  EntRel[0.3318]  Expansion[0.3817]  NoRel[0.0068]  Temporal[0.0368]  Contingency[0.1475]  Expansion
Comparison[0.2109]  EntRel[0.1766]  Expansion[0.3603]  NoRel[0.0208]  Temporal[0.1200]  Contingency[0.1114]  Expansion
Comparison[0.1222]  EntRel[0.1517]  Expansion[0.3803]  NoRel[0.0153]  Temporal[0.0412]  Contingency[0.2893]  Expansion
Comparison[0.1805]  EntRel[0.2975]  Expansion[0.2609]  NoRel[0.0082]  Temporal[0.0739]  Contingency[0.1790]  EntRel
Comparison[0.1356]  EntRel[0.2186]  Expansion[0.3596]  NoRel[0.0007]  Temporal[0.0314]  Contingency[0.2540]  Expansion
Comparison[0.2187]  EntRel[0.1946]  Expansion[0.3184]  NoRel[0.0228]  Temporal[0.0958]  Contingency[0.1496]  Expansion
Comparison[0.0970]  EntRel[0.3315]  Expansion[0.3040]  NoRel[0.0354]  Temporal[0.0535]  Contingency[0.1787]  EntRel
Comparison[0.1400]  EntRel[0.1587]  Expansion[0.3582]  NoRel[0.0043]  Temporal[0.0292]  Contingency[0.3096]  Expansion
Comparison[0.1010]  EntRel[0.2157]  Expansion[0.4433]  NoRel[0.0309]  Temporal[0.0131]  Contingency[0.1960]  Expansion
Comparison[0.0714]  EntRel[0.2508]  Expansion[0.4505]  NoRel[0.0109]  Temporal[0.0426]  Contingency[0.1737]  Expansion
Comparison[0.1262]  EntRel[0.1568]  Expansion[0.4109]  NoRel[0.0216]  Temporal[0.0308]  Contingency[0.2537]  Expansion
Comparison[0.0776]  EntRel[0.1498]  Expansion[0.5229]  NoRel[0.0021]  Temporal[0.0340]  Contingency[0.2136]  Expansion
Comparison[0.0713]  EntRel[0.0467]  Expansion[0.6315]  NoRel[0.0001]  Temporal[0.0213]  Contingency[0.2290]  Expansion
