Comparison[0.0902]  EntRel[0.2694]  Expansion[0.3920]  NoRel[0.0135]  Temporal[0.0388]  Contingency[0.1961]  Expansion
Comparison[0.1028]  EntRel[0.3354]  Expansion[0.3982]  NoRel[0.0232]  Temporal[0.0248]  Contingency[0.1156]  Expansion
Comparison[0.1677]  EntRel[0.3110]  Expansion[0.2120]  NoRel[0.0166]  Temporal[0.1321]  Contingency[0.1606]  EntRel
Comparison[0.0540]  EntRel[0.2190]  Expansion[0.5747]  NoRel[0.0309]  Temporal[0.0525]  Contingency[0.0690]  Expansion
Comparison[0.0929]  EntRel[0.1289]  Expansion[0.4497]  NoRel[0.0145]  Temporal[0.1564]  Contingency[0.1575]  Expansion
Comparison[0.1249]  EntRel[0.2472]  Expansion[0.2657]  NoRel[0.0069]  Temporal[0.0506]  Contingency[0.3046]  Contingency
Comparison[0.1775]  EntRel[0.2330]  Expansion[0.2976]  NoRel[0.0106]  Temporal[0.0275]  Contingency[0.2537]  Expansion
Comparison[0.1397]  EntRel[0.1157]  Expansion[0.3665]  NoRel[0.0213]  Temporal[0.0660]  Contingency[0.2907]  Expansion
Comparison[0.1490]  EntRel[0.1570]  Expansion[0.5079]  NoRel[0.0042]  Temporal[0.0274]  Contingency[0.1546]  Expansion
Comparison[0.2225]  EntRel[0.1334]  Expansion[0.5304]  NoRel[0.0035]  Temporal[0.0608]  Contingency[0.0495]  Expansion
Comparison[0.1607]  EntRel[0.1262]  Expansion[0.4235]  NoRel[0.0097]  Temporal[0.1168]  Contingency[0.1632]  Expansion
Comparison[0.0849]  EntRel[0.5151]  Expansion[0.3282]  NoRel[0.0086]  Temporal[0.0360]  Contingency[0.0273]  EntRel
Comparison[0.2703]  EntRel[0.1407]  Expansion[0.2161]  NoRel[0.0132]  Temporal[0.0262]  Contingency[0.3335]  Contingency
Comparison[0.0838]  EntRel[0.2762]  Expansion[0.3711]  NoRel[0.0059]  Temporal[0.1053]  Contingency[0.1578]  Expansion
Comparison[0.1497]  EntRel[0.0969]  Expansion[0.4889]  NoRel[0.0033]  Temporal[0.0094]  Contingency[0.2517]  Expansion
Comparison[0.1056]  EntRel[0.1180]  Expansion[0.5005]  NoRel[0.0041]  Temporal[0.0018]  Contingency[0.2701]  Expansion
Comparison[0.1057]  EntRel[0.1455]  Expansion[0.5283]  NoRel[0.0053]  Temporal[0.0081]  Contingency[0.2071]  Expansion
Comparison[0.0544]  EntRel[0.4312]  Expansion[0.4324]  NoRel[0.0137]  Temporal[0.0392]  Contingency[0.0292]  Expansion
Comparison[0.2552]  EntRel[0.2769]  Expansion[0.3731]  NoRel[0.0095]  Temporal[0.0302]  Contingency[0.0552]  Expansion
Comparison[0.3496]  EntRel[0.1535]  Expansion[0.3933]  NoRel[0.0030]  Temporal[0.0632]  Contingency[0.0374]  Expansion
Comparison[0.1987]  EntRel[0.0780]  Expansion[0.6987]  NoRel[0.0004]  Temporal[0.0207]  Contingency[0.0034]  Expansion
