Comparison[0.2254]  EntRel[0.1550]  Expansion[0.2770]  NoRel[0.0183]  Temporal[0.0322]  Contingency[0.2920]  Contingency
Comparison[0.2570]  EntRel[0.1686]  Expansion[0.2110]  NoRel[0.0606]  Temporal[0.1454]  Contingency[0.1574]  Comparison
Comparison[0.0134]  EntRel[0.7142]  Expansion[0.2628]  NoRel[0.0050]  Temporal[0.0037]  Contingency[0.0008]  EntRel
Comparison[0.0985]  EntRel[0.6008]  Expansion[0.2148]  NoRel[0.0470]  Temporal[0.0160]  Contingency[0.0229]  EntRel
Comparison[0.1398]  EntRel[0.1460]  Expansion[0.3536]  NoRel[0.0040]  Temporal[0.0201]  Contingency[0.3366]  Expansion
Comparison[0.2575]  EntRel[0.1380]  Expansion[0.2782]  NoRel[0.0041]  Temporal[0.0581]  Contingency[0.2641]  Expansion
Comparison[0.1445]  EntRel[0.1126]  Expansion[0.4284]  NoRel[0.0094]  Temporal[0.0433]  Contingency[0.2617]  Expansion
Comparison[0.1152]  EntRel[0.1308]  Expansion[0.4792]  NoRel[0.0110]  Temporal[0.1210]  Contingency[0.1428]  Expansion
Comparison[0.1486]  EntRel[0.3265]  Expansion[0.3618]  NoRel[0.0224]  Temporal[0.0520]  Contingency[0.0888]  Expansion
Comparison[0.2060]  EntRel[0.3161]  Expansion[0.3393]  NoRel[0.0148]  Temporal[0.0162]  Contingency[0.1076]  Expansion
Comparison[0.2966]  EntRel[0.2328]  Expansion[0.1872]  NoRel[0.0916]  Temporal[0.0863]  Contingency[0.1057]  Comparison
Comparison[0.0798]  EntRel[0.2065]  Expansion[0.2131]  NoRel[0.1500]  Temporal[0.1842]  Contingency[0.1664]  Expansion
Comparison[0.0406]  EntRel[0.4435]  Expansion[0.3365]  NoRel[0.0074]  Temporal[0.0604]  Contingency[0.1117]  EntRel
Comparison[0.1780]  EntRel[0.2728]  Expansion[0.2994]  NoRel[0.0412]  Temporal[0.0537]  Contingency[0.1549]  Expansion
Comparison[0.2117]  EntRel[0.2153]  Expansion[0.2472]  NoRel[0.0577]  Temporal[0.0435]  Contingency[0.2246]  Expansion
Comparison[0.1098]  EntRel[0.2579]  Expansion[0.5533]  NoRel[0.0029]  Temporal[0.0265]  Contingency[0.0495]  Expansion
Comparison[0.2322]  EntRel[0.4314]  Expansion[0.2408]  NoRel[0.0113]  Temporal[0.0075]  Contingency[0.0769]  EntRel
Comparison[0.1632]  EntRel[0.2968]  Expansion[0.3101]  NoRel[0.0728]  Temporal[0.0251]  Contingency[0.1321]  Expansion
Comparison[0.1309]  EntRel[0.2104]  Expansion[0.3144]  NoRel[0.0428]  Temporal[0.0608]  Contingency[0.2407]  Expansion
Comparison[0.0578]  EntRel[0.3262]  Expansion[0.5069]  NoRel[0.0035]  Temporal[0.0156]  Contingency[0.0900]  Expansion
Comparison[0.2628]  EntRel[0.3387]  Expansion[0.2139]  NoRel[0.0313]  Temporal[0.0658]  Contingency[0.0876]  EntRel
Comparison[0.0452]  EntRel[0.3495]  Expansion[0.3957]  NoRel[0.0703]  Temporal[0.0698]  Contingency[0.0695]  Expansion
Comparison[0.0554]  EntRel[0.5724]  Expansion[0.3505]  NoRel[0.0055]  Temporal[0.0091]  Contingency[0.0072]  EntRel
Comparison[0.1424]  EntRel[0.4386]  Expansion[0.1494]  NoRel[0.1876]  Temporal[0.0689]  Contingency[0.0132]  EntRel
Comparison[0.1481]  EntRel[0.1993]  Expansion[0.3125]  NoRel[0.0687]  Temporal[0.0912]  Contingency[0.1801]  Expansion
Comparison[0.0988]  EntRel[0.2855]  Expansion[0.2907]  NoRel[0.0276]  Temporal[0.0853]  Contingency[0.2121]  Expansion
Comparison[0.0870]  EntRel[0.1994]  Expansion[0.2925]  NoRel[0.1123]  Temporal[0.1061]  Contingency[0.2027]  Expansion
Comparison[0.1897]  EntRel[0.2176]  Expansion[0.2702]  NoRel[0.0533]  Temporal[0.1379]  Contingency[0.1313]  Expansion
Comparison[0.0815]  EntRel[0.2094]  Expansion[0.3649]  NoRel[0.1011]  Temporal[0.0738]  Contingency[0.1692]  Expansion
Comparison[0.0931]  EntRel[0.6069]  Expansion[0.2696]  NoRel[0.0106]  Temporal[0.0127]  Contingency[0.0071]  EntRel
Comparison[0.1006]  EntRel[0.5362]  Expansion[0.2632]  NoRel[0.0269]  Temporal[0.0282]  Contingency[0.0450]  EntRel
Comparison[0.1160]  EntRel[0.2426]  Expansion[0.2501]  NoRel[0.0761]  Temporal[0.1020]  Contingency[0.2132]  Expansion
Comparison[0.1512]  EntRel[0.2413]  Expansion[0.3344]  NoRel[0.0349]  Temporal[0.0934]  Contingency[0.1449]  Expansion
Comparison[0.1196]  EntRel[0.3427]  Expansion[0.4628]  NoRel[0.0052]  Temporal[0.0409]  Contingency[0.0287]  Expansion
Comparison[0.0876]  EntRel[0.4989]  Expansion[0.2574]  NoRel[0.0500]  Temporal[0.0301]  Contingency[0.0759]  EntRel
Comparison[0.1516]  EntRel[0.2104]  Expansion[0.2701]  NoRel[0.0837]  Temporal[0.1065]  Contingency[0.1777]  Expansion
Comparison[0.1433]  EntRel[0.1457]  Expansion[0.3777]  NoRel[0.0256]  Temporal[0.0547]  Contingency[0.2530]  Expansion
Comparison[0.0302]  EntRel[0.1449]  Expansion[0.7622]  NoRel[0.0017]  Temporal[0.0032]  Contingency[0.0578]  Expansion
Comparison[0.0730]  EntRel[0.5506]  Expansion[0.3473]  NoRel[0.0030]  Temporal[0.0029]  Contingency[0.0230]  EntRel
Comparison[0.1357]  EntRel[0.0796]  Expansion[0.4446]  NoRel[0.0024]  Temporal[0.0292]  Contingency[0.3086]  Expansion
Comparison[0.1124]  EntRel[0.1831]  Expansion[0.3140]  NoRel[0.0092]  Temporal[0.1694]  Contingency[0.2120]  Expansion
Comparison[0.2452]  EntRel[0.1462]  Expansion[0.2215]  NoRel[0.0385]  Temporal[0.1482]  Contingency[0.2003]  Comparison
Comparison[0.3295]  EntRel[0.1323]  Expansion[0.1929]  NoRel[0.0299]  Temporal[0.1731]  Contingency[0.1423]  Comparison
Comparison[0.1303]  EntRel[0.1556]  Expansion[0.3281]  NoRel[0.0037]  Temporal[0.0637]  Contingency[0.3186]  Expansion
Comparison[0.0982]  EntRel[0.0932]  Expansion[0.3708]  NoRel[0.0009]  Temporal[0.0431]  Contingency[0.3938]  Contingency
Comparison[0.1195]  EntRel[0.2145]  Expansion[0.3755]  NoRel[0.0520]  Temporal[0.1158]  Contingency[0.1227]  Expansion
Comparison[0.0798]  EntRel[0.3565]  Expansion[0.4682]  NoRel[0.0411]  Temporal[0.0173]  Contingency[0.0371]  Expansion
Comparison[0.0179]  EntRel[0.6731]  Expansion[0.2973]  NoRel[0.0055]  Temporal[0.0045]  Contingency[0.0017]  EntRel
Comparison[0.0492]  EntRel[0.6332]  Expansion[0.2133]  NoRel[0.0290]  Temporal[0.0386]  Contingency[0.0366]  EntRel
Comparison[0.0899]  EntRel[0.3089]  Expansion[0.2740]  NoRel[0.0186]  Temporal[0.0179]  Contingency[0.2908]  EntRel
Comparison[0.1392]  EntRel[0.5037]  Expansion[0.3157]  NoRel[0.0203]  Temporal[0.0089]  Contingency[0.0122]  EntRel
Comparison[0.1109]  EntRel[0.3558]  Expansion[0.3771]  NoRel[0.0131]  Temporal[0.0529]  Contingency[0.0903]  Expansion
Comparison[0.2835]  EntRel[0.1738]  Expansion[0.1989]  NoRel[0.0483]  Temporal[0.1044]  Contingency[0.1911]  Comparison
Comparison[0.0804]  EntRel[0.1553]  Expansion[0.5434]  NoRel[0.0749]  Temporal[0.0277]  Contingency[0.1184]  Expansion
Comparison[0.1162]  EntRel[0.5370]  Expansion[0.3297]  NoRel[0.0069]  Temporal[0.0011]  Contingency[0.0092]  EntRel
Comparison[0.0454]  EntRel[0.7560]  Expansion[0.1304]  NoRel[0.0525]  Temporal[0.0039]  Contingency[0.0118]  EntRel
Comparison[0.1281]  EntRel[0.2607]  Expansion[0.3619]  NoRel[0.0126]  Temporal[0.0191]  Contingency[0.2175]  Expansion
Comparison[0.1183]  EntRel[0.2826]  Expansion[0.5138]  NoRel[0.0092]  Temporal[0.0332]  Contingency[0.0429]  Expansion
Comparison[0.0404]  EntRel[0.7737]  Expansion[0.1514]  NoRel[0.0161]  Temporal[0.0060]  Contingency[0.0124]  EntRel
Comparison[0.1095]  EntRel[0.4959]  Expansion[0.3679]  NoRel[0.0037]  Temporal[0.0124]  Contingency[0.0107]  EntRel
Comparison[0.1239]  EntRel[0.4167]  Expansion[0.3123]  NoRel[0.0937]  Temporal[0.0330]  Contingency[0.0203]  EntRel
Comparison[0.0508]  EntRel[0.2156]  Expansion[0.6653]  NoRel[0.0214]  Temporal[0.0222]  Contingency[0.0247]  Expansion
Comparison[0.0353]  EntRel[0.5584]  Expansion[0.3354]  NoRel[0.0066]  Temporal[0.0480]  Contingency[0.0163]  EntRel
Comparison[0.0661]  EntRel[0.5534]  Expansion[0.3392]  NoRel[0.0050]  Temporal[0.0200]  Contingency[0.0163]  EntRel
Comparison[0.1066]  EntRel[0.5346]  Expansion[0.2105]  NoRel[0.0671]  Temporal[0.0347]  Contingency[0.0465]  EntRel
Comparison[0.0722]  EntRel[0.1883]  Expansion[0.4915]  NoRel[0.0005]  Temporal[0.0241]  Contingency[0.2234]  Expansion
Comparison[0.1106]  EntRel[0.2376]  Expansion[0.4757]  NoRel[0.0027]  Temporal[0.0428]  Contingency[0.1306]  Expansion
Comparison[0.0805]  EntRel[0.1363]  Expansion[0.4311]  NoRel[0.0042]  Temporal[0.0451]  Contingency[0.3028]  Expansion
Comparison[0.2638]  EntRel[0.2519]  Expansion[0.1422]  NoRel[0.0297]  Temporal[0.1579]  Contingency[0.1544]  Comparison
Comparison[0.2004]  EntRel[0.1755]  Expansion[0.2316]  NoRel[0.0673]  Temporal[0.0533]  Contingency[0.2720]  Contingency
Comparison[0.1231]  EntRel[0.1340]  Expansion[0.2707]  NoRel[0.0269]  Temporal[0.2340]  Contingency[0.2113]  Expansion
Comparison[0.1189]  EntRel[0.3892]  Expansion[0.3205]  NoRel[0.0283]  Temporal[0.0759]  Contingency[0.0672]  EntRel
Comparison[0.1421]  EntRel[0.3581]  Expansion[0.3656]  NoRel[0.0049]  Temporal[0.0184]  Contingency[0.1109]  Expansion
Comparison[0.1935]  EntRel[0.2373]  Expansion[0.3079]  NoRel[0.0339]  Temporal[0.0181]  Contingency[0.2093]  Expansion
Comparison[0.1417]  EntRel[0.2245]  Expansion[0.1457]  NoRel[0.0730]  Temporal[0.2664]  Contingency[0.1486]  Temporal
Comparison[0.0725]  EntRel[0.2499]  Expansion[0.4782]  NoRel[0.0752]  Temporal[0.0711]  Contingency[0.0530]  Expansion
Comparison[0.0265]  EntRel[0.5653]  Expansion[0.3189]  NoRel[0.0077]  Temporal[0.0431]  Contingency[0.0384]  EntRel
Comparison[0.0808]  EntRel[0.6272]  Expansion[0.1448]  NoRel[0.0174]  Temporal[0.0219]  Contingency[0.1079]  EntRel
Comparison[0.1001]  EntRel[0.5086]  Expansion[0.3209]  NoRel[0.0213]  Temporal[0.0339]  Contingency[0.0152]  EntRel
Comparison[0.0667]  EntRel[0.5139]  Expansion[0.1675]  NoRel[0.1892]  Temporal[0.0455]  Contingency[0.0173]  EntRel
