Comparison[0.0004]  EntRel[0.9929]  Expansion[0.0052]  NoRel[0.0004]  Temporal[0.0008]  Contingency[0.0003]  EntRel
Comparison[0.0309]  EntRel[0.5332]  Expansion[0.3623]  NoRel[0.0482]  Temporal[0.0166]  Contingency[0.0089]  EntRel
Comparison[0.0041]  EntRel[0.9241]  Expansion[0.0573]  NoRel[0.0046]  Temporal[0.0087]  Contingency[0.0012]  EntRel
Comparison[0.0793]  EntRel[0.5079]  Expansion[0.1400]  NoRel[0.1531]  Temporal[0.0746]  Contingency[0.0452]  EntRel
Comparison[0.0093]  EntRel[0.9310]  Expansion[0.0161]  NoRel[0.0052]  Temporal[0.0372]  Contingency[0.0012]  EntRel
Comparison[0.1249]  EntRel[0.4091]  Expansion[0.1629]  NoRel[0.1208]  Temporal[0.1138]  Contingency[0.0686]  EntRel
Comparison[0.0212]  EntRel[0.9342]  Expansion[0.0144]  NoRel[0.0020]  Temporal[0.0246]  Contingency[0.0035]  EntRel
Comparison[0.1532]  EntRel[0.2338]  Expansion[0.2668]  NoRel[0.1398]  Temporal[0.1133]  Contingency[0.0930]  Expansion
Comparison[0.0560]  EntRel[0.7511]  Expansion[0.1081]  NoRel[0.0112]  Temporal[0.0400]  Contingency[0.0337]  EntRel
Comparison[0.0694]  EntRel[0.6008]  Expansion[0.1679]  NoRel[0.0105]  Temporal[0.0227]  Contingency[0.1288]  EntRel
Comparison[0.0741]  EntRel[0.4985]  Expansion[0.1743]  NoRel[0.0218]  Temporal[0.0579]  Contingency[0.1734]  EntRel
Comparison[0.0683]  EntRel[0.5992]  Expansion[0.1180]  NoRel[0.0068]  Temporal[0.0636]  Contingency[0.1441]  EntRel
Comparison[0.0631]  EntRel[0.4670]  Expansion[0.1725]  NoRel[0.0255]  Temporal[0.0609]  Contingency[0.2110]  EntRel
Comparison[0.0547]  EntRel[0.3870]  Expansion[0.5036]  NoRel[0.0101]  Temporal[0.0311]  Contingency[0.0135]  Expansion
