Comparison[0.2084]  EntRel[0.2764]  Expansion[0.2276]  NoRel[0.0649]  Temporal[0.1182]  Contingency[0.1045]  EntRel
Comparison[0.1365]  EntRel[0.2186]  Expansion[0.2893]  NoRel[0.0335]  Temporal[0.1293]  Contingency[0.1928]  Expansion
Comparison[0.0770]  EntRel[0.2819]  Expansion[0.3499]  NoRel[0.0144]  Temporal[0.1030]  Contingency[0.1737]  Expansion
Comparison[0.1954]  EntRel[0.1889]  Expansion[0.3146]  NoRel[0.0076]  Temporal[0.1544]  Contingency[0.1392]  Expansion
Comparison[0.1730]  EntRel[0.1775]  Expansion[0.2562]  NoRel[0.0145]  Temporal[0.1130]  Contingency[0.2657]  Contingency
Comparison[0.0981]  EntRel[0.3248]  Expansion[0.3300]  NoRel[0.0113]  Temporal[0.0740]  Contingency[0.1618]  Expansion
Comparison[0.0731]  EntRel[0.3740]  Expansion[0.3295]  NoRel[0.0365]  Temporal[0.0516]  Contingency[0.1353]  EntRel
Comparison[0.2203]  EntRel[0.1957]  Expansion[0.3010]  NoRel[0.0570]  Temporal[0.0784]  Contingency[0.1476]  Expansion
Comparison[0.1810]  EntRel[0.1823]  Expansion[0.2962]  NoRel[0.0175]  Temporal[0.1035]  Contingency[0.2195]  Expansion
Comparison[0.1279]  EntRel[0.1954]  Expansion[0.4873]  NoRel[0.0258]  Temporal[0.0141]  Contingency[0.1494]  Expansion
Comparison[0.1522]  EntRel[0.1800]  Expansion[0.2546]  NoRel[0.1117]  Temporal[0.0601]  Contingency[0.2414]  Expansion
Comparison[0.1848]  EntRel[0.2438]  Expansion[0.2655]  NoRel[0.0404]  Temporal[0.0758]  Contingency[0.1897]  Expansion
Comparison[0.2870]  EntRel[0.1933]  Expansion[0.2250]  NoRel[0.0358]  Temporal[0.0594]  Contingency[0.1994]  Comparison
Comparison[0.1597]  EntRel[0.1637]  Expansion[0.3431]  NoRel[0.0191]  Temporal[0.0477]  Contingency[0.2668]  Expansion
Comparison[0.1487]  EntRel[0.1595]  Expansion[0.3017]  NoRel[0.0074]  Temporal[0.0945]  Contingency[0.2880]  Expansion
Comparison[0.1603]  EntRel[0.1519]  Expansion[0.2025]  NoRel[0.0681]  Temporal[0.1933]  Contingency[0.2239]  Contingency
Comparison[0.1794]  EntRel[0.2203]  Expansion[0.1869]  NoRel[0.1353]  Temporal[0.1056]  Contingency[0.1725]  EntRel
Comparison[0.4033]  EntRel[0.1532]  Expansion[0.1599]  NoRel[0.0090]  Temporal[0.0312]  Contingency[0.2435]  Comparison
Comparison[0.1126]  EntRel[0.2120]  Expansion[0.3528]  NoRel[0.0369]  Temporal[0.0516]  Contingency[0.2341]  Expansion
Comparison[0.1434]  EntRel[0.3289]  Expansion[0.3473]  NoRel[0.0486]  Temporal[0.0486]  Contingency[0.0832]  Expansion
Comparison[0.1205]  EntRel[0.0760]  Expansion[0.3102]  NoRel[0.1273]  Temporal[0.0554]  Contingency[0.3105]  Contingency
Comparison[0.1566]  EntRel[0.1747]  Expansion[0.2420]  NoRel[0.0409]  Temporal[0.1275]  Contingency[0.2582]  Contingency
Comparison[0.2798]  EntRel[0.2083]  Expansion[0.1965]  NoRel[0.0168]  Temporal[0.0845]  Contingency[0.2141]  Comparison
Comparison[0.2412]  EntRel[0.1605]  Expansion[0.3136]  NoRel[0.0586]  Temporal[0.0884]  Contingency[0.1377]  Expansion
Comparison[0.1152]  EntRel[0.2674]  Expansion[0.2867]  NoRel[0.0176]  Temporal[0.0666]  Contingency[0.2464]  Expansion
Comparison[0.1370]  EntRel[0.1650]  Expansion[0.4489]  NoRel[0.0057]  Temporal[0.0226]  Contingency[0.2208]  Expansion
Comparison[0.0858]  EntRel[0.2902]  Expansion[0.2592]  NoRel[0.0074]  Temporal[0.0287]  Contingency[0.3287]  Contingency
Comparison[0.1527]  EntRel[0.3765]  Expansion[0.2244]  NoRel[0.0039]  Temporal[0.0680]  Contingency[0.1747]  EntRel
Comparison[0.1162]  EntRel[0.3742]  Expansion[0.2482]  NoRel[0.0211]  Temporal[0.0159]  Contingency[0.2245]  EntRel
Comparison[0.0949]  EntRel[0.2749]  Expansion[0.3986]  NoRel[0.0370]  Temporal[0.0548]  Contingency[0.1398]  Expansion
Comparison[0.1214]  EntRel[0.2021]  Expansion[0.3338]  NoRel[0.0051]  Temporal[0.0542]  Contingency[0.2835]  Expansion
Comparison[0.0988]  EntRel[0.0872]  Expansion[0.4304]  NoRel[0.0142]  Temporal[0.0379]  Contingency[0.3315]  Expansion
Comparison[0.0937]  EntRel[0.1929]  Expansion[0.4539]  NoRel[0.0008]  Temporal[0.0415]  Contingency[0.2172]  Expansion
Comparison[0.0765]  EntRel[0.2068]  Expansion[0.3184]  NoRel[0.0145]  Temporal[0.1064]  Contingency[0.2773]  Expansion
Comparison[0.2192]  EntRel[0.1832]  Expansion[0.3105]  NoRel[0.0017]  Temporal[0.0651]  Contingency[0.2203]  Expansion
Comparison[0.1413]  EntRel[0.1953]  Expansion[0.1954]  NoRel[0.0132]  Temporal[0.0571]  Contingency[0.3977]  Contingency
Comparison[0.1954]  EntRel[0.1785]  Expansion[0.2121]  NoRel[0.0248]  Temporal[0.1397]  Contingency[0.2495]  Contingency
Comparison[0.1384]  EntRel[0.2131]  Expansion[0.2719]  NoRel[0.1128]  Temporal[0.0913]  Contingency[0.1725]  Expansion
Comparison[0.1520]  EntRel[0.1139]  Expansion[0.3777]  NoRel[0.0021]  Temporal[0.0388]  Contingency[0.3156]  Expansion
Comparison[0.0788]  EntRel[0.1291]  Expansion[0.3304]  NoRel[0.0014]  Temporal[0.0239]  Contingency[0.4364]  Contingency
Comparison[0.1272]  EntRel[0.2145]  Expansion[0.1758]  NoRel[0.0024]  Temporal[0.0566]  Contingency[0.4234]  Contingency
Comparison[0.1065]  EntRel[0.1390]  Expansion[0.3527]  NoRel[0.0007]  Temporal[0.1001]  Contingency[0.3011]  Expansion
Comparison[0.1136]  EntRel[0.2178]  Expansion[0.2405]  NoRel[0.0100]  Temporal[0.0967]  Contingency[0.3213]  Contingency
Comparison[0.2736]  EntRel[0.2268]  Expansion[0.1614]  NoRel[0.0884]  Temporal[0.1126]  Contingency[0.1371]  Comparison
Comparison[0.1193]  EntRel[0.3206]  Expansion[0.1998]  NoRel[0.1033]  Temporal[0.1202]  Contingency[0.1368]  EntRel
