Comparison[0.0395]  EntRel[0.1866]  Expansion[0.5552]  NoRel[0.0465]  Temporal[0.0626]  Contingency[0.1096]  Expansion
Comparison[0.0434]  EntRel[0.3902]  Expansion[0.3300]  NoRel[0.0841]  Temporal[0.1304]  Contingency[0.0218]  EntRel
Comparison[0.1035]  EntRel[0.3914]  Expansion[0.2853]  NoRel[0.0114]  Temporal[0.0395]  Contingency[0.1690]  EntRel
Comparison[0.0298]  EntRel[0.5075]  Expansion[0.4026]  NoRel[0.0118]  Temporal[0.0339]  Contingency[0.0145]  EntRel
Comparison[0.0287]  EntRel[0.8185]  Expansion[0.1118]  NoRel[0.0208]  Temporal[0.0123]  Contingency[0.0078]  EntRel
Comparison[0.1860]  EntRel[0.1642]  Expansion[0.4064]  NoRel[0.0027]  Temporal[0.0290]  Contingency[0.2117]  Expansion
Comparison[0.1474]  EntRel[0.1441]  Expansion[0.3841]  NoRel[0.0125]  Temporal[0.0879]  Contingency[0.2240]  Expansion
Comparison[0.1982]  EntRel[0.2172]  Expansion[0.3101]  NoRel[0.0092]  Temporal[0.1218]  Contingency[0.1434]  Expansion
Comparison[0.0787]  EntRel[0.3667]  Expansion[0.3109]  NoRel[0.0229]  Temporal[0.0482]  Contingency[0.1725]  EntRel
Comparison[0.0993]  EntRel[0.2174]  Expansion[0.3190]  NoRel[0.0099]  Temporal[0.0842]  Contingency[0.2702]  Expansion
Comparison[0.1342]  EntRel[0.1650]  Expansion[0.4611]  NoRel[0.0198]  Temporal[0.0135]  Contingency[0.2064]  Expansion
Comparison[0.1698]  EntRel[0.1975]  Expansion[0.2487]  NoRel[0.0295]  Temporal[0.0913]  Contingency[0.2631]  Contingency
Comparison[0.1733]  EntRel[0.1666]  Expansion[0.4119]  NoRel[0.0085]  Temporal[0.0643]  Contingency[0.1754]  Expansion
Comparison[0.2654]  EntRel[0.2073]  Expansion[0.2872]  NoRel[0.0286]  Temporal[0.0668]  Contingency[0.1447]  Expansion
Comparison[0.0704]  EntRel[0.4550]  Expansion[0.3970]  NoRel[0.0410]  Temporal[0.0222]  Contingency[0.0145]  EntRel
Comparison[0.0620]  EntRel[0.5438]  Expansion[0.2771]  NoRel[0.0230]  Temporal[0.0330]  Contingency[0.0611]  EntRel
