Comparison[0.0966]  EntRel[0.1997]  Expansion[0.4110]  NoRel[0.0292]  Temporal[0.0754]  Contingency[0.1882]  Expansion
Comparison[0.0344]  EntRel[0.4747]  Expansion[0.4245]  NoRel[0.0522]  Temporal[0.0036]  Contingency[0.0106]  EntRel
Comparison[0.0337]  EntRel[0.7165]  Expansion[0.1936]  NoRel[0.0365]  Temporal[0.0080]  Contingency[0.0116]  EntRel
Comparison[0.1182]  EntRel[0.4679]  Expansion[0.3642]  NoRel[0.0159]  Temporal[0.0179]  Contingency[0.0159]  EntRel
Comparison[0.1083]  EntRel[0.3942]  Expansion[0.3421]  NoRel[0.0375]  Temporal[0.0508]  Contingency[0.0670]  EntRel
Comparison[0.1984]  EntRel[0.1459]  Expansion[0.2518]  NoRel[0.0169]  Temporal[0.0284]  Contingency[0.3585]  Contingency
Comparison[0.1259]  EntRel[0.0849]  Expansion[0.2322]  NoRel[0.0561]  Temporal[0.0695]  Contingency[0.4314]  Contingency
Comparison[0.1571]  EntRel[0.2617]  Expansion[0.3548]  NoRel[0.0146]  Temporal[0.0144]  Contingency[0.1973]  Expansion
Comparison[0.1587]  EntRel[0.1606]  Expansion[0.3736]  NoRel[0.0082]  Temporal[0.0856]  Contingency[0.2133]  Expansion
Comparison[0.0927]  EntRel[0.1998]  Expansion[0.3692]  NoRel[0.0288]  Temporal[0.1890]  Contingency[0.1205]  Expansion
Comparison[0.0503]  EntRel[0.3707]  Expansion[0.3839]  NoRel[0.1330]  Temporal[0.0460]  Contingency[0.0161]  Expansion
Comparison[0.0274]  EntRel[0.8257]  Expansion[0.1098]  NoRel[0.0126]  Temporal[0.0224]  Contingency[0.0021]  EntRel
Comparison[0.1257]  EntRel[0.2739]  Expansion[0.3974]  NoRel[0.0078]  Temporal[0.0332]  Contingency[0.1620]  Expansion
Comparison[0.0824]  EntRel[0.2801]  Expansion[0.4384]  NoRel[0.0219]  Temporal[0.0127]  Contingency[0.1645]  Expansion
Comparison[0.1024]  EntRel[0.3401]  Expansion[0.3693]  NoRel[0.0424]  Temporal[0.0137]  Contingency[0.1321]  Expansion
Comparison[0.0497]  EntRel[0.3296]  Expansion[0.4860]  NoRel[0.0080]  Temporal[0.0135]  Contingency[0.1133]  Expansion
Comparison[0.0739]  EntRel[0.2564]  Expansion[0.2058]  NoRel[0.0174]  Temporal[0.0539]  Contingency[0.3927]  Contingency
Comparison[0.1192]  EntRel[0.2261]  Expansion[0.2656]  NoRel[0.0088]  Temporal[0.0990]  Contingency[0.2813]  Contingency
Comparison[0.0696]  EntRel[0.1619]  Expansion[0.4241]  NoRel[0.1128]  Temporal[0.1244]  Contingency[0.1072]  Expansion
Comparison[0.2208]  EntRel[0.1718]  Expansion[0.3780]  NoRel[0.0345]  Temporal[0.0262]  Contingency[0.1687]  Expansion
Comparison[0.1242]  EntRel[0.3210]  Expansion[0.3165]  NoRel[0.0216]  Temporal[0.0691]  Contingency[0.1477]  EntRel
Comparison[0.1505]  EntRel[0.2662]  Expansion[0.3753]  NoRel[0.0755]  Temporal[0.0407]  Contingency[0.0918]  Expansion
Comparison[0.0621]  EntRel[0.4835]  Expansion[0.3381]  NoRel[0.0473]  Temporal[0.0352]  Contingency[0.0338]  EntRel
Comparison[0.0976]  EntRel[0.2512]  Expansion[0.2881]  NoRel[0.0788]  Temporal[0.0879]  Contingency[0.1964]  Expansion
Comparison[0.0485]  EntRel[0.4212]  Expansion[0.3536]  NoRel[0.0439]  Temporal[0.0343]  Contingency[0.0985]  EntRel
Comparison[0.1203]  EntRel[0.2625]  Expansion[0.4003]  NoRel[0.0008]  Temporal[0.0445]  Contingency[0.1716]  Expansion
Comparison[0.0557]  EntRel[0.4057]  Expansion[0.2754]  NoRel[0.0100]  Temporal[0.0525]  Contingency[0.2006]  EntRel
Comparison[0.1264]  EntRel[0.3953]  Expansion[0.3036]  NoRel[0.0187]  Temporal[0.0698]  Contingency[0.0861]  EntRel
Comparison[0.1866]  EntRel[0.2457]  Expansion[0.2236]  NoRel[0.0445]  Temporal[0.1544]  Contingency[0.1453]  EntRel
Comparison[0.1650]  EntRel[0.2629]  Expansion[0.2896]  NoRel[0.1016]  Temporal[0.0914]  Contingency[0.0895]  Expansion
Comparison[0.1649]  EntRel[0.3002]  Expansion[0.1180]  NoRel[0.0269]  Temporal[0.2262]  Contingency[0.1639]  EntRel
Comparison[0.0697]  EntRel[0.3836]  Expansion[0.3048]  NoRel[0.0273]  Temporal[0.0746]  Contingency[0.1399]  EntRel
Comparison[0.0982]  EntRel[0.4290]  Expansion[0.2724]  NoRel[0.0092]  Temporal[0.0835]  Contingency[0.1077]  EntRel
