Expansion[0.9709]  Contingency[0.0216]  Comparison[0.0039]  Temporal[0.0036]  Expansion
Expansion[0.0002]  Contingency[0.2589]  Comparison[0.0009]  Temporal[0.7399]  Temporal
Expansion[0.0060]  Contingency[0.9507]  Comparison[0.0178]  Temporal[0.0254]  Contingency
Expansion[0.0099]  Contingency[0.0126]  Comparison[0.9454]  Temporal[0.0321]  Comparison
Expansion[0.9906]  Contingency[0.0039]  Comparison[0.0041]  Temporal[0.0014]  Expansion
Expansion[0.0003]  Contingency[0.9583]  Comparison[0.0021]  Temporal[0.0393]  Contingency
Expansion[0.0003]  Contingency[0.0073]  Comparison[0.9875]  Temporal[0.0049]  Comparison
Expansion[0.0321]  Contingency[0.0006]  Comparison[0.9655]  Temporal[0.0017]  Comparison
Expansion[0.0001]  Contingency[0.9514]  Comparison[0.0369]  Temporal[0.0117]  Contingency
Expansion[0.0003]  Contingency[0.9583]  Comparison[0.0021]  Temporal[0.0393]  Contingency
Expansion[0.0321]  Contingency[0.0006]  Comparison[0.9655]  Temporal[0.0017]  Comparison
Expansion[0.9578]  Contingency[0.0210]  Comparison[0.0210]  Temporal[0.0002]  Expansion
Expansion[0.0003]  Contingency[0.9583]  Comparison[0.0021]  Temporal[0.0393]  Contingency
Expansion[0.7508]  Contingency[0.2434]  Comparison[0.0030]  Temporal[0.0028]  Expansion
Expansion[0.0001]  Contingency[0.9888]  Comparison[0.0006]  Temporal[0.0106]  Contingency
Expansion[0.0321]  Contingency[0.0006]  Comparison[0.9655]  Temporal[0.0017]  Comparison
Expansion[0.9762]  Contingency[0.0092]  Comparison[0.0086]  Temporal[0.0060]  Expansion
Expansion[0.0124]  Contingency[0.0031]  Comparison[0.9766]  Temporal[0.0079]  Comparison
Expansion[0.0100]  Contingency[0.0011]  Comparison[0.9861]  Temporal[0.0028]  Comparison
Expansion[0.9069]  Contingency[0.0765]  Comparison[0.0079]  Temporal[0.0087]  Expansion
Expansion[0.0038]  Contingency[0.9555]  Comparison[0.0153]  Temporal[0.0254]  Contingency
Expansion[0.9723]  Contingency[0.0167]  Comparison[0.0018]  Temporal[0.0092]  Expansion
Expansion[0.0001]  Contingency[0.9888]  Comparison[0.0006]  Temporal[0.0106]  Contingency
Expansion[0.0002]  Contingency[0.2168]  Comparison[0.0213]  Temporal[0.7617]  Temporal
