Comparison[0.0457]  EntRel[0.7272]  Expansion[0.1339]  NoRel[0.0542]  Temporal[0.0225]  Contingency[0.0164]  EntRel
Comparison[0.0183]  EntRel[0.5800]  Expansion[0.3120]  NoRel[0.0105]  Temporal[0.0619]  Contingency[0.0173]  EntRel
Comparison[0.0749]  EntRel[0.4793]  Expansion[0.4202]  NoRel[0.0118]  Temporal[0.0099]  Contingency[0.0039]  EntRel
Comparison[0.0579]  EntRel[0.5365]  Expansion[0.3303]  NoRel[0.0112]  Temporal[0.0231]  Contingency[0.0409]  EntRel
Comparison[0.1565]  EntRel[0.5391]  Expansion[0.2055]  NoRel[0.0075]  Temporal[0.0140]  Contingency[0.0775]  EntRel
Comparison[0.0943]  EntRel[0.5224]  Expansion[0.2596]  NoRel[0.0199]  Temporal[0.0304]  Contingency[0.0734]  EntRel
Comparison[0.0556]  EntRel[0.6041]  Expansion[0.1671]  NoRel[0.0024]  Temporal[0.0260]  Contingency[0.1449]  EntRel
Comparison[0.1150]  EntRel[0.2637]  Expansion[0.2270]  NoRel[0.0012]  Temporal[0.0632]  Contingency[0.3300]  Contingency
Comparison[0.1295]  EntRel[0.4801]  Expansion[0.3506]  NoRel[0.0030]  Temporal[0.0317]  Contingency[0.0051]  EntRel
Comparison[0.0081]  EntRel[0.8901]  Expansion[0.0921]  NoRel[0.0074]  Temporal[0.0022]  Contingency[0.0001]  EntRel
Comparison[0.1354]  EntRel[0.4778]  Expansion[0.2945]  NoRel[0.0061]  Temporal[0.0032]  Contingency[0.0830]  EntRel
Comparison[0.1386]  EntRel[0.7283]  Expansion[0.0940]  NoRel[0.0232]  Temporal[0.0106]  Contingency[0.0053]  EntRel
Comparison[0.0597]  EntRel[0.4564]  Expansion[0.3671]  NoRel[0.0404]  Temporal[0.0506]  Contingency[0.0259]  EntRel
Comparison[0.0646]  EntRel[0.4915]  Expansion[0.1955]  NoRel[0.0232]  Temporal[0.2044]  Contingency[0.0209]  EntRel
Comparison[0.0820]  EntRel[0.2642]  Expansion[0.3828]  NoRel[0.0191]  Temporal[0.1736]  Contingency[0.0784]  Expansion
Comparison[0.1004]  EntRel[0.2997]  Expansion[0.3271]  NoRel[0.0048]  Temporal[0.1665]  Contingency[0.1016]  Expansion
Comparison[0.1121]  EntRel[0.4252]  Expansion[0.2452]  NoRel[0.0697]  Temporal[0.0681]  Contingency[0.0797]  EntRel
Comparison[0.1143]  EntRel[0.2943]  Expansion[0.3300]  NoRel[0.0046]  Temporal[0.0434]  Contingency[0.2135]  Expansion
Comparison[0.1062]  EntRel[0.3967]  Expansion[0.3706]  NoRel[0.0248]  Temporal[0.0479]  Contingency[0.0538]  EntRel
Comparison[0.0591]  EntRel[0.6446]  Expansion[0.0913]  NoRel[0.1319]  Temporal[0.0368]  Contingency[0.0363]  EntRel
Comparison[0.1055]  EntRel[0.3398]  Expansion[0.3976]  NoRel[0.0306]  Temporal[0.0685]  Contingency[0.0581]  Expansion
Comparison[0.0483]  EntRel[0.3538]  Expansion[0.4114]  NoRel[0.0219]  Temporal[0.0223]  Contingency[0.1424]  Expansion
Comparison[0.0965]  EntRel[0.4293]  Expansion[0.2062]  NoRel[0.0686]  Temporal[0.0823]  Contingency[0.1170]  EntRel
