Comparison[0.0609]  EntRel[0.1953]  Expansion[0.5085]  NoRel[0.0275]  Temporal[0.0642]  Contingency[0.1436]  Expansion
Comparison[0.1190]  EntRel[0.1083]  Expansion[0.5794]  NoRel[0.0144]  Temporal[0.0155]  Contingency[0.1634]  Expansion
Comparison[0.3769]  EntRel[0.2402]  Expansion[0.3282]  NoRel[0.0021]  Temporal[0.0212]  Contingency[0.0314]  Comparison
Comparison[0.0804]  EntRel[0.4064]  Expansion[0.4396]  NoRel[0.0145]  Temporal[0.0378]  Contingency[0.0213]  Expansion
Comparison[0.0471]  EntRel[0.3501]  Expansion[0.3876]  NoRel[0.0158]  Temporal[0.0649]  Contingency[0.1346]  Expansion
Comparison[0.3040]  EntRel[0.3170]  Expansion[0.2861]  NoRel[0.0051]  Temporal[0.0613]  Contingency[0.0265]  EntRel
Comparison[0.1553]  EntRel[0.4216]  Expansion[0.2765]  NoRel[0.0085]  Temporal[0.0271]  Contingency[0.1110]  EntRel
Comparison[0.1133]  EntRel[0.4494]  Expansion[0.2364]  NoRel[0.0066]  Temporal[0.0176]  Contingency[0.1768]  EntRel
Comparison[0.0519]  EntRel[0.4289]  Expansion[0.3413]  NoRel[0.0309]  Temporal[0.0402]  Contingency[0.1068]  EntRel
Comparison[0.1909]  EntRel[0.0747]  Expansion[0.5530]  NoRel[0.0105]  Temporal[0.0521]  Contingency[0.1188]  Expansion
Comparison[0.2398]  EntRel[0.1837]  Expansion[0.3356]  NoRel[0.0150]  Temporal[0.0890]  Contingency[0.1369]  Expansion
Comparison[0.1053]  EntRel[0.3463]  Expansion[0.3016]  NoRel[0.0443]  Temporal[0.0884]  Contingency[0.1141]  EntRel
