Expansion[0.0258]  Contingency[0.0012]  Comparison[0.9718]  Temporal[0.0012]  Comparison
Expansion[0.9069]  Contingency[0.0765]  Comparison[0.0079]  Temporal[0.0087]  Expansion
Expansion[0.0003]  Contingency[0.0073]  Comparison[0.9875]  Temporal[0.0049]  Comparison
Expansion[0.0321]  Contingency[0.0006]  Comparison[0.9655]  Temporal[0.0017]  Comparison
Expansion[0.0060]  Contingency[0.9507]  Comparison[0.0178]  Temporal[0.0254]  Contingency
Expansion[0.0321]  Contingency[0.0006]  Comparison[0.9655]  Temporal[0.0017]  Comparison
Expansion[0.9723]  Contingency[0.0167]  Comparison[0.0018]  Temporal[0.0092]  Expansion
Expansion[0.0711]  Contingency[0.0146]  Comparison[0.0013]  Temporal[0.9129]  Temporal
Expansion[0.9709]  Contingency[0.0216]  Comparison[0.0039]  Temporal[0.0036]  Expansion
Expansion[0.0003]  Contingency[0.0073]  Comparison[0.9875]  Temporal[0.0049]  Comparison
Expansion[0.9723]  Contingency[0.0167]  Comparison[0.0018]  Temporal[0.0092]  Expansion
Expansion[0.0064]  Contingency[0.0402]  Comparison[0.9263]  Temporal[0.0270]  Comparison
Expansion[0.0321]  Contingency[0.0006]  Comparison[0.9655]  Temporal[0.0017]  Comparison
Expansion[0.0083]  Contingency[0.4322]  Comparison[0.0130]  Temporal[0.5466]  Temporal
Expansion[0.0321]  Contingency[0.0006]  Comparison[0.9655]  Temporal[0.0017]  Comparison
Expansion[0.5695]  Contingency[0.1118]  Comparison[0.0132]  Temporal[0.3054]  Expansion
Expansion[0.8732]  Contingency[0.0844]  Comparison[0.0036]  Temporal[0.0388]  Expansion
Expansion[0.0167]  Contingency[0.0018]  Comparison[0.9769]  Temporal[0.0046]  Comparison
Expansion[0.0014]  Contingency[0.9890]  Comparison[0.0040]  Temporal[0.0057]  Contingency
Expansion[0.0002]  Contingency[0.2589]  Comparison[0.0009]  Temporal[0.7399]  Temporal
Expansion[0.0003]  Contingency[0.9583]  Comparison[0.0021]  Temporal[0.0393]  Contingency
Expansion[0.0321]  Contingency[0.0006]  Comparison[0.9655]  Temporal[0.0017]  Comparison
Expansion[0.0029]  Contingency[0.0179]  Comparison[0.0084]  Temporal[0.9708]  Temporal
Expansion[0.0312]  Contingency[0.0006]  Comparison[0.9676]  Temporal[0.0006]  Comparison
