Comparison[0.2654]  EntRel[0.3481]  Expansion[0.2476]  NoRel[0.0172]  Temporal[0.0672]  Contingency[0.0546]  EntRel
Comparison[0.1176]  EntRel[0.1133]  Expansion[0.5312]  NoRel[0.0017]  Temporal[0.0386]  Contingency[0.1976]  Expansion
Comparison[0.1063]  EntRel[0.5061]  Expansion[0.2860]  NoRel[0.0114]  Temporal[0.0819]  Contingency[0.0083]  EntRel
Comparison[0.0659]  EntRel[0.3251]  Expansion[0.3475]  NoRel[0.2151]  Temporal[0.0376]  Contingency[0.0088]  Expansion
Comparison[0.1655]  EntRel[0.5093]  Expansion[0.1763]  NoRel[0.0814]  Temporal[0.0448]  Contingency[0.0226]  EntRel
Comparison[0.1334]  EntRel[0.1906]  Expansion[0.3110]  NoRel[0.0343]  Temporal[0.0219]  Contingency[0.3088]  Expansion
Comparison[0.2109]  EntRel[0.1687]  Expansion[0.2633]  NoRel[0.0376]  Temporal[0.0272]  Contingency[0.2923]  Contingency
Comparison[0.0838]  EntRel[0.3122]  Expansion[0.2721]  NoRel[0.0557]  Temporal[0.0821]  Contingency[0.1941]  EntRel
Comparison[0.1396]  EntRel[0.1467]  Expansion[0.4298]  NoRel[0.0510]  Temporal[0.0643]  Contingency[0.1685]  Expansion
Comparison[0.1074]  EntRel[0.2083]  Expansion[0.3178]  NoRel[0.0127]  Temporal[0.0319]  Contingency[0.3220]  Contingency
Comparison[0.1135]  EntRel[0.1728]  Expansion[0.3343]  NoRel[0.0286]  Temporal[0.0251]  Contingency[0.3257]  Expansion
Comparison[0.1153]  EntRel[0.3120]  Expansion[0.4267]  NoRel[0.0199]  Temporal[0.0659]  Contingency[0.0602]  Expansion
Comparison[0.0161]  EntRel[0.5068]  Expansion[0.3764]  NoRel[0.0402]  Temporal[0.0533]  Contingency[0.0071]  EntRel
Comparison[0.0812]  EntRel[0.5850]  Expansion[0.2384]  NoRel[0.0207]  Temporal[0.0126]  Contingency[0.0621]  EntRel
Comparison[0.0635]  EntRel[0.6736]  Expansion[0.2141]  NoRel[0.0071]  Temporal[0.0294]  Contingency[0.0123]  EntRel
Comparison[0.1074]  EntRel[0.4308]  Expansion[0.2099]  NoRel[0.1305]  Temporal[0.0444]  Contingency[0.0770]  EntRel
Comparison[0.1075]  EntRel[0.2148]  Expansion[0.3744]  NoRel[0.0592]  Temporal[0.0969]  Contingency[0.1472]  Expansion
Comparison[0.2535]  EntRel[0.2204]  Expansion[0.3627]  NoRel[0.0038]  Temporal[0.0857]  Contingency[0.0740]  Expansion
Comparison[0.0684]  EntRel[0.4273]  Expansion[0.0889]  NoRel[0.3256]  Temporal[0.0151]  Contingency[0.0746]  EntRel
Comparison[0.1272]  EntRel[0.1675]  Expansion[0.4706]  NoRel[0.0138]  Temporal[0.0452]  Contingency[0.1757]  Expansion
Comparison[0.0224]  EntRel[0.4045]  Expansion[0.5058]  NoRel[0.0408]  Temporal[0.0219]  Contingency[0.0047]  Expansion
Comparison[0.0947]  EntRel[0.5761]  Expansion[0.2122]  NoRel[0.0666]  Temporal[0.0293]  Contingency[0.0210]  EntRel
Comparison[0.0419]  EntRel[0.2858]  Expansion[0.4679]  NoRel[0.0247]  Temporal[0.0629]  Contingency[0.1168]  Expansion
Comparison[0.2363]  EntRel[0.2812]  Expansion[0.2266]  NoRel[0.0088]  Temporal[0.1391]  Contingency[0.1079]  EntRel
Comparison[0.1412]  EntRel[0.3814]  Expansion[0.3589]  NoRel[0.0025]  Temporal[0.0378]  Contingency[0.0783]  EntRel
Comparison[0.0755]  EntRel[0.6802]  Expansion[0.1866]  NoRel[0.0018]  Temporal[0.0138]  Contingency[0.0421]  EntRel
Comparison[0.0397]  EntRel[0.6444]  Expansion[0.2465]  NoRel[0.0315]  Temporal[0.0284]  Contingency[0.0095]  EntRel
Comparison[0.1026]  EntRel[0.2957]  Expansion[0.3166]  NoRel[0.0414]  Temporal[0.0682]  Contingency[0.1756]  Expansion
Comparison[0.1055]  EntRel[0.0896]  Expansion[0.2746]  NoRel[0.0188]  Temporal[0.0223]  Contingency[0.4892]  Contingency
Comparison[0.2370]  EntRel[0.1964]  Expansion[0.2109]  NoRel[0.0118]  Temporal[0.1950]  Contingency[0.1488]  Comparison
Comparison[0.1078]  EntRel[0.3338]  Expansion[0.3110]  NoRel[0.0201]  Temporal[0.0615]  Contingency[0.1659]  EntRel
Comparison[0.0838]  EntRel[0.4518]  Expansion[0.1993]  NoRel[0.0622]  Temporal[0.0496]  Contingency[0.1534]  EntRel
Comparison[0.1176]  EntRel[0.2477]  Expansion[0.3057]  NoRel[0.0184]  Temporal[0.1263]  Contingency[0.1844]  Expansion
Comparison[0.1077]  EntRel[0.4132]  Expansion[0.2915]  NoRel[0.0419]  Temporal[0.0914]  Contingency[0.0542]  EntRel
Comparison[0.1257]  EntRel[0.3101]  Expansion[0.4616]  NoRel[0.0196]  Temporal[0.0583]  Contingency[0.0247]  Expansion
Comparison[0.1681]  EntRel[0.5564]  Expansion[0.1631]  NoRel[0.0205]  Temporal[0.0569]  Contingency[0.0350]  EntRel
Comparison[0.0698]  EntRel[0.1995]  Expansion[0.3099]  NoRel[0.0650]  Temporal[0.1062]  Contingency[0.2497]  Expansion
Comparison[0.0790]  EntRel[0.2847]  Expansion[0.3896]  NoRel[0.0484]  Temporal[0.0377]  Contingency[0.1604]  Expansion
Comparison[0.1111]  EntRel[0.1424]  Expansion[0.5311]  NoRel[0.0101]  Temporal[0.0476]  Contingency[0.1577]  Expansion
Comparison[0.0779]  EntRel[0.4392]  Expansion[0.2296]  NoRel[0.0087]  Temporal[0.0625]  Contingency[0.1822]  EntRel
Comparison[0.0660]  EntRel[0.4424]  Expansion[0.4491]  NoRel[0.0054]  Temporal[0.0041]  Contingency[0.0330]  Expansion
Comparison[0.1014]  EntRel[0.4931]  Expansion[0.2932]  NoRel[0.0189]  Temporal[0.0561]  Contingency[0.0373]  EntRel
Comparison[0.1450]  EntRel[0.2457]  Expansion[0.3950]  NoRel[0.0492]  Temporal[0.1059]  Contingency[0.0591]  Expansion
Comparison[0.0826]  EntRel[0.2412]  Expansion[0.3029]  NoRel[0.0133]  Temporal[0.0793]  Contingency[0.2807]  Expansion
Comparison[0.1591]  EntRel[0.2171]  Expansion[0.3310]  NoRel[0.0075]  Temporal[0.1205]  Contingency[0.1648]  Expansion
Comparison[0.0281]  EntRel[0.5147]  Expansion[0.3847]  NoRel[0.0267]  Temporal[0.0295]  Contingency[0.0163]  EntRel
Comparison[0.2797]  EntRel[0.4331]  Expansion[0.1828]  NoRel[0.0498]  Temporal[0.0143]  Contingency[0.0404]  EntRel
