Comparison[0.1791]  EntRel[0.1634]  Expansion[0.3837]  NoRel[0.0459]  Temporal[0.0908]  Contingency[0.1371]  Expansion
Comparison[0.0858]  EntRel[0.1698]  Expansion[0.5424]  NoRel[0.0070]  Temporal[0.0662]  Contingency[0.1288]  Expansion
Comparison[0.2118]  EntRel[0.3761]  Expansion[0.2605]  NoRel[0.0128]  Temporal[0.0410]  Contingency[0.0979]  EntRel
Comparison[0.0203]  EntRel[0.5484]  Expansion[0.3880]  NoRel[0.0084]  Temporal[0.0179]  Contingency[0.0170]  EntRel
Comparison[0.0180]  EntRel[0.8145]  Expansion[0.1493]  NoRel[0.0083]  Temporal[0.0088]  Contingency[0.0010]  EntRel
Comparison[0.0408]  EntRel[0.7181]  Expansion[0.1322]  NoRel[0.0680]  Temporal[0.0148]  Contingency[0.0261]  EntRel
Comparison[0.0282]  EntRel[0.2643]  Expansion[0.4045]  NoRel[0.0608]  Temporal[0.0685]  Contingency[0.1737]  Expansion
Comparison[0.0512]  EntRel[0.2831]  Expansion[0.3442]  NoRel[0.0026]  Temporal[0.2238]  Contingency[0.0951]  Expansion
Comparison[0.0758]  EntRel[0.4398]  Expansion[0.3555]  NoRel[0.0046]  Temporal[0.0436]  Contingency[0.0807]  EntRel
Comparison[0.0616]  EntRel[0.7508]  Expansion[0.1392]  NoRel[0.0067]  Temporal[0.0061]  Contingency[0.0357]  EntRel
Comparison[0.1871]  EntRel[0.1715]  Expansion[0.3622]  NoRel[0.0155]  Temporal[0.0296]  Contingency[0.2341]  Expansion
Comparison[0.1147]  EntRel[0.2693]  Expansion[0.3194]  NoRel[0.0488]  Temporal[0.0712]  Contingency[0.1765]  Expansion
Comparison[0.1147]  EntRel[0.4145]  Expansion[0.2449]  NoRel[0.0219]  Temporal[0.0994]  Contingency[0.1046]  EntRel
Comparison[0.1579]  EntRel[0.3314]  Expansion[0.3574]  NoRel[0.0073]  Temporal[0.0233]  Contingency[0.1226]  Expansion
Comparison[0.0776]  EntRel[0.3706]  Expansion[0.2268]  NoRel[0.0137]  Temporal[0.0255]  Contingency[0.2858]  EntRel
Comparison[0.1107]  EntRel[0.4594]  Expansion[0.2679]  NoRel[0.0113]  Temporal[0.0191]  Contingency[0.1315]  EntRel
Comparison[0.0398]  EntRel[0.5718]  Expansion[0.3329]  NoRel[0.0097]  Temporal[0.0356]  Contingency[0.0103]  EntRel
Comparison[0.0363]  EntRel[0.4888]  Expansion[0.3713]  NoRel[0.0254]  Temporal[0.0474]  Contingency[0.0307]  EntRel
Comparison[0.0297]  EntRel[0.8195]  Expansion[0.1138]  NoRel[0.0194]  Temporal[0.0148]  Contingency[0.0028]  EntRel
Comparison[0.0102]  EntRel[0.8575]  Expansion[0.1074]  NoRel[0.0060]  Temporal[0.0162]  Contingency[0.0027]  EntRel
Comparison[0.2105]  EntRel[0.4952]  Expansion[0.1996]  NoRel[0.0257]  Temporal[0.0171]  Contingency[0.0519]  EntRel
Comparison[0.0994]  EntRel[0.2420]  Expansion[0.4087]  NoRel[0.0176]  Temporal[0.0128]  Contingency[0.2195]  Expansion
Comparison[0.0567]  EntRel[0.1738]  Expansion[0.6284]  NoRel[0.0172]  Temporal[0.0124]  Contingency[0.1114]  Expansion
Comparison[0.0190]  EntRel[0.4068]  Expansion[0.5442]  NoRel[0.0075]  Temporal[0.0142]  Contingency[0.0084]  Expansion
Comparison[0.0502]  EntRel[0.4620]  Expansion[0.3115]  NoRel[0.0256]  Temporal[0.0515]  Contingency[0.0993]  EntRel
Comparison[0.1191]  EntRel[0.2194]  Expansion[0.2281]  NoRel[0.0281]  Temporal[0.0930]  Contingency[0.3123]  Contingency
Comparison[0.1354]  EntRel[0.1105]  Expansion[0.4127]  NoRel[0.0153]  Temporal[0.1453]  Contingency[0.1807]  Expansion
Comparison[0.1275]  EntRel[0.1261]  Expansion[0.3947]  NoRel[0.0132]  Temporal[0.0403]  Contingency[0.2981]  Expansion
Comparison[0.0516]  EntRel[0.4596]  Expansion[0.3899]  NoRel[0.0428]  Temporal[0.0351]  Contingency[0.0210]  EntRel
Comparison[0.0481]  EntRel[0.7519]  Expansion[0.0743]  NoRel[0.0763]  Temporal[0.0304]  Contingency[0.0189]  EntRel
Comparison[0.0930]  EntRel[0.2507]  Expansion[0.4681]  NoRel[0.0018]  Temporal[0.0214]  Contingency[0.1651]  Expansion
Comparison[0.1078]  EntRel[0.2809]  Expansion[0.2856]  NoRel[0.0525]  Temporal[0.0554]  Contingency[0.2178]  Expansion
Comparison[0.0497]  EntRel[0.4680]  Expansion[0.4365]  NoRel[0.0148]  Temporal[0.0136]  Contingency[0.0174]  EntRel
Comparison[0.0827]  EntRel[0.5224]  Expansion[0.1688]  NoRel[0.1664]  Temporal[0.0150]  Contingency[0.0447]  EntRel
Comparison[0.1153]  EntRel[0.1879]  Expansion[0.4419]  NoRel[0.0095]  Temporal[0.0475]  Contingency[0.1979]  Expansion
