Comparison[0.0273]  EntRel[0.5621]  Expansion[0.3032]  NoRel[0.0419]  Temporal[0.0571]  Contingency[0.0085]  EntRel
Comparison[0.0368]  EntRel[0.7672]  Expansion[0.0898]  NoRel[0.0459]  Temporal[0.0537]  Contingency[0.0068]  EntRel
Comparison[0.0993]  EntRel[0.6018]  Expansion[0.2738]  NoRel[0.0123]  Temporal[0.0065]  Contingency[0.0062]  EntRel
Comparison[0.0285]  EntRel[0.6499]  Expansion[0.2804]  NoRel[0.0347]  Temporal[0.0042]  Contingency[0.0023]  EntRel
Comparison[0.0362]  EntRel[0.7182]  Expansion[0.1740]  NoRel[0.0336]  Temporal[0.0368]  Contingency[0.0012]  EntRel
Comparison[0.0343]  EntRel[0.3470]  Expansion[0.5856]  NoRel[0.0054]  Temporal[0.0244]  Contingency[0.0033]  Expansion
Comparison[0.0344]  EntRel[0.6140]  Expansion[0.1170]  NoRel[0.0162]  Temporal[0.2056]  Contingency[0.0128]  EntRel
Comparison[0.2420]  EntRel[0.5667]  Expansion[0.1054]  NoRel[0.0072]  Temporal[0.0395]  Contingency[0.0391]  EntRel
Comparison[0.1378]  EntRel[0.6633]  Expansion[0.1168]  NoRel[0.0394]  Temporal[0.0420]  Contingency[0.0008]  EntRel
Comparison[0.0232]  EntRel[0.8254]  Expansion[0.1114]  NoRel[0.0095]  Temporal[0.0099]  Contingency[0.0206]  EntRel
Comparison[0.0532]  EntRel[0.7075]  Expansion[0.1946]  NoRel[0.0088]  Temporal[0.0271]  Contingency[0.0088]  EntRel
Comparison[0.0483]  EntRel[0.7851]  Expansion[0.0731]  NoRel[0.0375]  Temporal[0.0498]  Contingency[0.0062]  EntRel
Comparison[0.2267]  EntRel[0.3824]  Expansion[0.1679]  NoRel[0.0713]  Temporal[0.0790]  Contingency[0.0727]  EntRel
Comparison[0.0556]  EntRel[0.9004]  Expansion[0.0334]  NoRel[0.0039]  Temporal[0.0019]  Contingency[0.0048]  EntRel
Comparison[0.0549]  EntRel[0.6555]  Expansion[0.1834]  NoRel[0.0043]  Temporal[0.0744]  Contingency[0.0274]  EntRel
Comparison[0.0095]  EntRel[0.7573]  Expansion[0.1919]  NoRel[0.0112]  Temporal[0.0081]  Contingency[0.0221]  EntRel
Comparison[0.1277]  EntRel[0.5571]  Expansion[0.1991]  NoRel[0.0472]  Temporal[0.0199]  Contingency[0.0490]  EntRel
Comparison[0.0183]  EntRel[0.8976]  Expansion[0.0719]  NoRel[0.0058]  Temporal[0.0054]  Contingency[0.0010]  EntRel
Comparison[0.1454]  EntRel[0.4141]  Expansion[0.2041]  NoRel[0.0013]  Temporal[0.0681]  Contingency[0.1670]  EntRel
Comparison[0.3548]  EntRel[0.3475]  Expansion[0.1455]  NoRel[0.0562]  Temporal[0.0639]  Contingency[0.0321]  Comparison
Comparison[0.0784]  EntRel[0.2767]  Expansion[0.4469]  NoRel[0.0427]  Temporal[0.0595]  Contingency[0.0957]  Expansion
Comparison[0.0632]  EntRel[0.6861]  Expansion[0.1953]  NoRel[0.0052]  Temporal[0.0203]  Contingency[0.0299]  EntRel
Comparison[0.2574]  EntRel[0.2525]  Expansion[0.4274]  NoRel[0.0110]  Temporal[0.0415]  Contingency[0.0102]  Expansion
Comparison[0.0529]  EntRel[0.8620]  Expansion[0.0372]  NoRel[0.0011]  Temporal[0.0460]  Contingency[0.0009]  EntRel
Comparison[0.0384]  EntRel[0.3253]  Expansion[0.4516]  NoRel[0.1129]  Temporal[0.0441]  Contingency[0.0278]  Expansion
Comparison[0.0340]  EntRel[0.7703]  Expansion[0.1306]  NoRel[0.0214]  Temporal[0.0402]  Contingency[0.0036]  EntRel
Comparison[0.0381]  EntRel[0.7529]  Expansion[0.0898]  NoRel[0.0394]  Temporal[0.0678]  Contingency[0.0120]  EntRel
Comparison[0.1148]  EntRel[0.6171]  Expansion[0.1572]  NoRel[0.0264]  Temporal[0.0493]  Contingency[0.0351]  EntRel
Comparison[0.1005]  EntRel[0.4022]  Expansion[0.4212]  NoRel[0.0084]  Temporal[0.0514]  Contingency[0.0163]  Expansion
Comparison[0.0440]  EntRel[0.8627]  Expansion[0.0664]  NoRel[0.0151]  Temporal[0.0046]  Contingency[0.0071]  EntRel
Comparison[0.0558]  EntRel[0.3706]  Expansion[0.3748]  NoRel[0.0363]  Temporal[0.0363]  Contingency[0.1261]  Expansion
Comparison[0.0870]  EntRel[0.7784]  Expansion[0.0579]  NoRel[0.0473]  Temporal[0.0213]  Contingency[0.0081]  EntRel
