Comparison[0.0557]  EntRel[0.4555]  Expansion[0.3005]  NoRel[0.0055]  Temporal[0.1149]  Contingency[0.0679]  EntRel
Comparison[0.1354]  EntRel[0.3768]  Expansion[0.2406]  NoRel[0.0312]  Temporal[0.0510]  Contingency[0.1650]  EntRel
Comparison[0.1402]  EntRel[0.3080]  Expansion[0.3313]  NoRel[0.0344]  Temporal[0.0776]  Contingency[0.1085]  Expansion
Comparison[0.1209]  EntRel[0.1853]  Expansion[0.2639]  NoRel[0.0097]  Temporal[0.1126]  Contingency[0.3076]  Contingency
Comparison[0.0909]  EntRel[0.2140]  Expansion[0.3221]  NoRel[0.0077]  Temporal[0.0640]  Contingency[0.3014]  Expansion
Comparison[0.0228]  EntRel[0.6422]  Expansion[0.2727]  NoRel[0.0374]  Temporal[0.0183]  Contingency[0.0066]  EntRel
Comparison[0.1736]  EntRel[0.2500]  Expansion[0.3257]  NoRel[0.0265]  Temporal[0.0925]  Contingency[0.1319]  Expansion
Comparison[0.0517]  EntRel[0.2400]  Expansion[0.5168]  NoRel[0.0252]  Temporal[0.0543]  Contingency[0.1120]  Expansion
Comparison[0.1735]  EntRel[0.3247]  Expansion[0.3606]  NoRel[0.0075]  Temporal[0.0863]  Contingency[0.0474]  Expansion
Comparison[0.2353]  EntRel[0.2127]  Expansion[0.4447]  NoRel[0.0031]  Temporal[0.0723]  Contingency[0.0318]  Expansion
Comparison[0.0978]  EntRel[0.2315]  Expansion[0.5759]  NoRel[0.0147]  Temporal[0.0638]  Contingency[0.0163]  Expansion
Comparison[0.1141]  EntRel[0.1940]  Expansion[0.5141]  NoRel[0.0042]  Temporal[0.0637]  Contingency[0.1100]  Expansion
Comparison[0.1569]  EntRel[0.2524]  Expansion[0.4834]  NoRel[0.0055]  Temporal[0.0741]  Contingency[0.0277]  Expansion
Comparison[0.1975]  EntRel[0.3918]  Expansion[0.2939]  NoRel[0.0015]  Temporal[0.0694]  Contingency[0.0459]  EntRel
