Comparison[0.0658]  EntRel[0.1593]  Expansion[0.3876]  NoRel[0.0067]  Temporal[0.0210]  Contingency[0.3596]  Expansion
Comparison[0.0456]  EntRel[0.3971]  Expansion[0.4539]  NoRel[0.0273]  Temporal[0.0064]  Contingency[0.0698]  Expansion
Comparison[0.0637]  EntRel[0.5949]  Expansion[0.2088]  NoRel[0.0051]  Temporal[0.0422]  Contingency[0.0853]  EntRel
Comparison[0.0552]  EntRel[0.4258]  Expansion[0.2312]  NoRel[0.0285]  Temporal[0.0386]  Contingency[0.2206]  EntRel
Comparison[0.1140]  EntRel[0.1819]  Expansion[0.4867]  NoRel[0.0083]  Temporal[0.0729]  Contingency[0.1363]  Expansion
Comparison[0.1528]  EntRel[0.1946]  Expansion[0.2175]  NoRel[0.0486]  Temporal[0.0522]  Contingency[0.3342]  Contingency
Comparison[0.1267]  EntRel[0.3351]  Expansion[0.2253]  NoRel[0.0379]  Temporal[0.1044]  Contingency[0.1706]  EntRel
Comparison[0.1058]  EntRel[0.1748]  Expansion[0.4086]  NoRel[0.1339]  Temporal[0.0957]  Contingency[0.0811]  Expansion
Comparison[0.0841]  EntRel[0.1015]  Expansion[0.3765]  NoRel[0.0441]  Temporal[0.0405]  Contingency[0.3533]  Expansion
Comparison[0.1468]  EntRel[0.6600]  Expansion[0.1010]  NoRel[0.0365]  Temporal[0.0367]  Contingency[0.0190]  EntRel
Comparison[0.1185]  EntRel[0.3502]  Expansion[0.2909]  NoRel[0.0317]  Temporal[0.0521]  Contingency[0.1567]  EntRel
Comparison[0.0853]  EntRel[0.2590]  Expansion[0.4773]  NoRel[0.0274]  Temporal[0.0665]  Contingency[0.0846]  Expansion
Comparison[0.1081]  EntRel[0.1253]  Expansion[0.2562]  NoRel[0.0458]  Temporal[0.1117]  Contingency[0.3529]  Contingency
Comparison[0.1431]  EntRel[0.2820]  Expansion[0.2898]  NoRel[0.0192]  Temporal[0.1002]  Contingency[0.1656]  Expansion
Comparison[0.1104]  EntRel[0.2606]  Expansion[0.3348]  NoRel[0.0237]  Temporal[0.0910]  Contingency[0.1795]  Expansion
Comparison[0.1691]  EntRel[0.1156]  Expansion[0.2902]  NoRel[0.0492]  Temporal[0.0672]  Contingency[0.3088]  Contingency
Comparison[0.1577]  EntRel[0.1369]  Expansion[0.4037]  NoRel[0.0153]  Temporal[0.1029]  Contingency[0.1835]  Expansion
Comparison[0.1597]  EntRel[0.2727]  Expansion[0.2097]  NoRel[0.0341]  Temporal[0.0797]  Contingency[0.2441]  EntRel
Comparison[0.0968]  EntRel[0.2943]  Expansion[0.2927]  NoRel[0.0285]  Temporal[0.0545]  Contingency[0.2333]  EntRel
Comparison[0.0395]  EntRel[0.3328]  Expansion[0.5107]  NoRel[0.0274]  Temporal[0.0543]  Contingency[0.0354]  Expansion
Comparison[0.1066]  EntRel[0.6784]  Expansion[0.1366]  NoRel[0.0203]  Temporal[0.0252]  Contingency[0.0329]  EntRel
Comparison[0.0842]  EntRel[0.0810]  Expansion[0.4168]  NoRel[0.0197]  Temporal[0.0632]  Contingency[0.3351]  Expansion
